# 1num 2slvfe 3error 4boot 5lower 6boot 7upper 8boot 9explow 10errlow 11expupp 12 errupp
1 -9.349680 0.478406 0.000000 -9.646040 0.000000 -9.053320 0.000000 -9.646040 nan -9.053320 nan
2 -9.041615 0.124766 0.248413 -8.967280 0.486744 -9.096340 0.028923 -8.643530 0.485231 -9.097891 0.042945
3 -9.160256 0.153417 0.178891 -8.994367 0.344272 -9.304270 0.178791 -8.750570 0.355160 -9.383015 0.227147
4 -8.947244 0.115411 0.215588 -8.844195 0.276912 -9.053320 0.226414 -8.639441 0.231778 -9.242995 0.257247
5 -9.031703 0.073588 0.197212 -9.107334 0.286723 -8.984010 0.215838 -8.760950 0.258106 -9.167705 0.239906
6 -8.998589 0.096210 0.174101 -9.119045 0.256881 -8.908725 0.195065 -8.813133 0.236398 -9.098728 0.231749
7 -9.041136 0.117000 0.143317 -9.216523 0.268261 -8.891141 0.156192 -8.886391 0.238985 -9.062877 0.211260
8 -8.994539 0.069877 0.144831 -9.079909 0.264155 -8.930235 0.139998 -8.718916 0.213871 -9.082438 0.178094
9 -9.047552 0.097430 0.168374 -9.226728 0.254051 -8.912044 0.134154 -8.784717 0.221820 -9.054548 0.167045
10 -9.134966 0.095751 0.140654 -9.307616 0.244249 -8.986161 0.112908 -8.839458 0.224912 -9.149659 0.154769
11 -9.107924 0.067594 0.145230 -9.218882 0.222736 -9.021164 0.128891 -8.770722 0.192560 -9.173565 0.136517
12 -9.062869 0.083319 0.141973 -9.230977 0.249524 -8.877854 0.199985 -8.802890 0.188449 -9.124032 0.144934
13 -8.986502 0.072719 0.136316 -9.140647 0.221017 -8.832521 0.164169 -8.698177 0.174271 -9.088423 0.146206
14 -8.967677 0.073960 0.141534 -9.134580 0.194501 -8.807662 0.169861 -8.717700 0.167892 -9.060666 0.144630
15 -9.009080 0.063764 0.119441 -9.139838 0.183347 -8.873433 0.158437 -8.740574 0.164078 -9.149930 0.142513
16 -8.982636 0.059060 0.133424 -9.109933 0.177940 -8.861224 0.170123 -8.735303 0.152220 -9.129199 0.139629
17 -8.992492 0.053933 0.112251 -9.105759 0.168765 -8.880818 0.154025 -8.749467 0.147124 -9.133234 0.130336
18 -8.997568 0.057094 0.108871 -9.121833 0.180115 -8.873406 0.137082 -8.771785 0.145786 -9.117240 0.127260
19 -8.986910 0.058512 0.101110 -9.120869 0.134772 -8.856082 0.136022 -8.785328 0.141731 -9.097541 0.126021
20 -9.017286 0.057410 0.108832 -9.146888 0.154912 -8.882674 0.116140 -8.808488 0.141765 -9.115960 0.117328
21 -8.975497 0.051290 0.104541 -9.086439 0.163555 -8.862575 0.121127 -8.710125 0.145928 -9.096721 0.116908
22 -8.963034 0.051257 0.089585 -9.079393 0.141197 -8.848866 0.107326 -8.718588 0.141383 -9.080434 0.115738
23 -8.943104 0.058083 0.097029 -9.091040 0.150027 -8.770469 0.133863 -8.735723 0.140118 -9.054826 0.118374
24 -8.949314 0.052598 0.091029 -9.079112 0.141822 -8.793905 0.147317 -8.738445 0.134794 -9.069412 0.111530
25 -8.936939 0.057823 0.107575 -9.092803 0.132327 -8.749216 0.149228 -8.754934 0.133963 -9.047472 0.113213
26 -8.944382 0.054469 0.084418 -9.088802 0.132195 -8.766520 0.143822 -8.762420 0.130552 -9.054077 0.107774
27 -8.953803 0.048596 0.089278 -9.076689 0.111564 -8.797059 0.137171 -8.762395 0.125618 -9.085503 0.103033
28 -8.936632 0.046791 0.080653 -9.058015 0.128082 -8.788201 0.131270 -8.753542 0.119588 -9.072733 0.102253
29 -8.908564 0.046490 0.093601 -9.035354 0.114111 -8.759680 0.130557 -8.737181 0.113421 -9.055103 0.103188
30 -8.926919 0.049019 0.084188 -9.072360 0.117283 -8.763094 0.105372 -8.755459 0.114501 -9.049582 0.100770
31 -8.944927 0.043772 0.085566 -9.067737 0.124608 -8.805300 0.127384 -8.760337 0.111763 -9.131256 0.114229
32 -8.949259 0.045874 0.075431 -9.082971 0.127279 -8.798710 0.119121 -8.774216 0.111649 -9.120093 0.113255
33 -8.962927 0.044052 0.081558 -9.088591 0.102215 -8.816275 0.119735 -8.784484 0.110579 -9.129809 0.108424
34 -8.967799 0.041785 0.087119 -9.085093 0.103617 -8.828379 0.107753 -8.789185 0.108230 -9.132933 0.104683
35 -8.959669 0.041667 0.079459 -9.079747 0.096047 -8.820739 0.096953 -8.792032 0.105634 -9.122332 0.104023
36 -8.970445 0.040802 0.073643 -9.086979 0.101986 -8.832046 0.118220 -8.802073 0.104891 -9.125527 0.100602
37 -8.969710 0.039839 0.069096 -9.084002 0.081062 -8.834409 0.101151 -8.806181 0.102805 -9.120800 0.098739
38 -8.979859 0.038644 0.067554 -9.089107 0.090211 -8.846962 0.105682 -8.814822 0.101896 -9.126683 0.095341
39 -8.997199 0.038600 0.070879 -9.107677 0.095447 -8.860772 0.105798 -8.827376 0.102152 -9.134937 0.091954
40 -9.002390 0.039281 0.071869 -9.117253 0.091207 -8.861045 0.093890 -8.837466 0.101775 -9.129592 0.090592
41 -9.000469 0.036587 0.061053 -9.105084 0.090492 -8.870456 0.086741 -8.831041 0.098405 -9.132746 0.087945
42 -9.022420 0.034998 0.063287 -9.119443 0.087355 -8.900360 0.100296 -8.842078 0.098460 -9.190794 0.095509
43 -9.021885 0.033364 0.065266 -9.113348 0.090188 -8.906140 0.091255 -8.842428 0.096200 -9.189853 0.093413
44 -9.027512 0.031621 0.067821 -9.111929 0.087547 -8.917742 0.088822 -8.846441 0.094709 -9.196091 0.090528
45 -9.037219 0.032963 0.057748 -9.129906 0.082984 -8.919427 0.101106 -8.857608 0.095002 -9.192263 0.089147
46 -9.040806 0.034207 0.060691 -9.140659 0.081907 -8.915999 0.092723 -8.867062 0.094879 -9.185560 0.088430
47 -9.048718 0.036013 0.065431 -9.162090 0.092990 -8.913124 0.085190 -8.878373 0.095303 -9.179276 0.087673
48 -9.046326 0.037925 0.062864 -9.172023 0.083457 -8.898070 0.090217 -8.887393 0.095154 -9.169135 0.087896
49 -9.051127 0.034980 0.055575 -9.162577 0.074675 -8.917968 0.092243 -8.883168 0.092629 -9.195982 0.086379
50 -9.043487 0.034332 0.051175 -9.154321 0.088479 -8.913744 0.084718 -8.880186 0.090354 -9.189269 0.085858
51 -9.048434 0.035121 0.054586 -9.164760 0.082058 -8.912919 0.091615 -8.888917 0.090301 -9.184422 0.084984
52 -9.046048 0.035689 0.058779 -9.167167 0.078473 -8.906565 0.080904 -8.894558 0.089568 -9.177089 0.084687
53 -9.039658 0.034573 0.061352 -9.157172 0.084247 -8.905997 0.087799 -8.888523 0.087184 -9.172617 0.083820
54 -9.046086 0.036587 0.054856 -9.185832 0.071200 -8.898988 0.077827 -8.899133 0.087746 -9.165274 0.083599
55 -9.041881 0.036458 0.054515 -9.182988 0.088840 -8.894798 0.086181 -8.901264 0.086471 -9.159114 0.083148
56 -9.039281 0.036604 0.058628 -9.182977 0.077549 -8.890373 0.088828 -8.905280 0.085581 -9.152946 0.082732
57 -9.041703 0.035236 0.058168 -9.178564 0.083638 -8.899060 0.084299 -8.905729 0.084131 -9.157916 0.080745
58 -9.039829 0.035913 0.057065 -9.182256 0.065140 -8.891871 0.073107 -8.911494 0.083672 -9.150905 0.080588
59 -9.050420 0.036309 0.056778 -9.198462 0.079803 -8.897281 0.076457 -8.920374 0.083954 -9.151976 0.079075
60 -9.039870 0.035806 0.049479 -9.187678 0.079868 -8.889326 0.067076 -8.911921 0.081812 -9.144909 0.078994
61 -9.037342 0.035221 0.051316 -9.183360 0.078208 -8.889468 0.075107 -8.912121 0.080487 -9.141585 0.078194
62 -9.041423 0.036898 0.049797 -9.207860 0.075616 -8.880392 0.064775 -8.921330 0.080944 -9.134378 0.078195
63 -9.042582 0.037676 0.046617 -9.215840 0.072989 -8.874753 0.072362 -8.928315 0.080894 -9.128289 0.077974
64 -9.041879 0.039428 0.048865 -9.232981 0.074491 -8.854016 0.074471 -8.936777 0.081206 -9.119568 0.078371
65 -9.050811 0.038106 0.053686 -9.232901 0.072231 -8.870834 0.072547 -8.940330 0.080504 -9.146535 0.078315
66 -9.051735 0.038124 0.054913 -9.235141 0.077745 -8.870159 0.066728 -8.945066 0.080049 -9.142769 0.077700
67 -9.040743 0.036951 0.047021 -9.216767 0.066360 -8.867292 0.074907 -8.911783 0.081287 -9.137933 0.077308
68 -9.040258 0.038079 0.055229 -9.226946 0.065534 -8.855723 0.072169 -8.918947 0.081371 -9.130609 0.077455
69 -9.035185 0.038148 0.054879 -9.224603 0.074403 -8.848923 0.072302 -8.920830 0.080459 -9.124417 0.077372
70 -9.038503 0.038311 0.053419 -9.230282 0.065811 -8.849214 0.071897 -8.926750 0.080313 -9.121444 0.076698
71 -9.041243 0.038900 0.056164 -9.239572 0.068992 -8.845794 0.068721 -8.933515 0.080366 -9.116567 0.076388
72 -9.038023 0.038951 0.048969 -9.238678 0.083722 -8.840909 0.068588 -8.936281 0.079659 -9.111177 0.076196
73 -9.042219 0.037225 0.052435 -9.231064 0.074149 -8.858028 0.067813 -8.931971 0.078112 -9.144294 0.078043
74 -9.046726 0.037440 0.050093 -9.238577 0.074467 -8.858923 0.062136 -8.938139 0.078097 -9.141802 0.077344
75 -9.043406 0.037031 0.049395 -9.234227 0.073674 -8.857722 0.069080 -8.937788 0.077004 -9.138094 0.076872
76 -9.031516 0.036548 0.057081 -9.221029 0.069283 -8.848220 0.066238 -8.920229 0.075781 -9.131675 0.076946
77 -9.030107 0.037074 0.045967 -9.225276 0.067493 -8.840889 0.057168 -8.925292 0.075599 -9.125771 0.076925
78 -9.032546 0.036870 0.047360 -9.227085 0.071743 -8.843092 0.069954 -8.929302 0.075235 -9.124449 0.076113
79 -9.021041 0.036705 0.060582 -9.217292 0.065966 -8.829386 0.064244 -8.920154 0.073706 -9.117629 0.076316
80 -9.014130 0.037122 0.046784 -9.216019 0.070552 -8.814021 0.072330 -8.922239 0.073064 -9.110722 0.076551
81 -9.011777 0.036994 0.048599 -9.214365 0.063124 -8.811664 0.070664 -8.923972 0.072387 -9.106596 0.076237
82 -9.005130 0.037026 0.046803 -9.210419 0.071199 -8.803040 0.064974 -8.923556 0.071451 -9.100650 0.076291
83 -9.000973 0.037263 0.043332 -9.210081 0.068272 -8.795114 0.061960 -8.926091 0.070931 -9.094886 0.076318
84 -9.001569 0.037042 0.048066 -9.210093 0.064322 -8.796054 0.069992 -8.928794 0.070452 -9.092685 0.075715
85 -9.001144 0.037251 0.041135 -9.212803 0.063253 -8.792501 0.063909 -8.932849 0.070211 -9.088224 0.075514
86 -9.010178 0.036888 0.047930 -9.219731 0.058212 -8.802009 0.066311 -8.938209 0.070223 -9.097852 0.074054
87 -9.001141 0.036926 0.042609 -9.213807 0.057804 -8.788579 0.065535 -8.934927 0.069108 -9.091554 0.074245
88 -9.007889 0.037119 0.043251 -9.225672 0.058287 -8.791316 0.069317 -8.940996 0.069286 -9.090883 0.073483
89 -9.002408 0.037550 0.046105 -9.225937 0.056089 -8.776375 0.063223 -8.943707 0.068869 -9.084587 0.073696
90 -8.998447 0.036492 0.049317 -9.214034 0.067782 -8.780594 0.064107 -8.925721 0.068410 -9.085431 0.072774
91 -8.994049 0.035772 0.047960 -9.205361 0.070538 -8.781727 0.060187 -8.917154 0.067229 -9.083546 0.072223
92 -8.993897 0.036015 0.044790 -9.208644 0.069686 -8.778158 0.075510 -8.921241 0.067077 -9.079303 0.072069
93 -9.000906 0.036165 0.044293 -9.220543 0.064147 -8.781502 0.057910 -8.927061 0.067257 -9.079410 0.071278
94 -8.999611 0.035546 0.042124 -9.215459 0.062033 -8.784445 0.061758 -8.924766 0.066322 -9.079187 0.070542
95 -9.000531 0.036110 0.042943 -9.224067 0.060770 -8.778369 0.058925 -8.930087 0.066424 -9.074346 0.070532
96 -9.001496 0.035822 0.047735 -9.223533 0.065262 -8.780462 0.059376 -8.932168 0.065991 -9.073430 0.069907
97 -9.005812 0.035548 0.039084 -9.226016 0.065288 -8.785221 0.062192 -8.935808 0.065809 -9.075436 0.068979
98 -9.007020 0.036050 0.038277 -9.234423 0.065111 -8.780055 0.062662 -8.940975 0.065905 -9.070935 0.068937
99 -9.006292 0.034836 0.046081 -9.223276 0.063004 -8.789430 0.061262 -8.923807 0.065605 -9.082341 0.067891
100 -9.008760 0.034207 0.040561 -9.220955 0.064825 -8.795917 0.058439 -8.924445 0.065018 -9.087187 0.066839
101 -9.003701 0.034556 0.040911 -9.220904 0.058825 -8.782635 0.054304 -8.926731 0.064659 -9.081640 0.067024
102 -8.999671 0.035038 0.047240 -9.223033 0.060265 -8.767410 0.058963 -8.930107 0.064474 -9.076031 0.067228
103 -8.995201 0.035304 0.040182 -9.222824 0.055509 -8.757354 0.063757 -8.932227 0.064108 -9.070827 0.067359
104 -8.999813 0.034975 0.043567 -9.224894 0.056131 -8.763073 0.063252 -8.935515 0.063925 -9.074273 0.066413
105 -9.007045 0.034566 0.041705 -9.228655 0.055023 -8.772256 0.064623 -8.939403 0.063846 -9.085468 0.065499
106 -9.007054 0.033929 0.046187 -9.224047 0.060256 -8.777004 0.056356 -8.937176 0.063045 -9.087576 0.064683
107 -9.006475 0.033448 0.043328 -9.220330 0.054248 -8.779900 0.060235 -8.936038 0.062344 -9.087569 0.064077
108 -8.999705 0.032873 0.045577 -9.209090 0.060592 -8.778559 0.064917 -8.915663 0.062960 -9.084626 0.063863
109 -9.006786 0.032871 0.047557 -9.218625 0.062356 -8.783491 0.059835 -8.920567 0.063088 -9.087217 0.063053
110 -9.000920 0.032776 0.039522 -9.213950 0.064990 -8.777644 0.060281 -8.918203 0.062309 -9.082888 0.063082
111 -9.002641 0.032821 0.041231 -9.217003 0.051461 -8.777759 0.055363 -8.921732 0.062212 -9.080802 0.062765
112 -9.007640 0.032837 0.036879 -9.223501 0.054154 -8.780796 0.066941 -8.926114 0.062265 -9.081144 0.062168
113 -9.016872 0.032578 0.041686 -9.231809 0.052120 -8.791055 0.055700 -8.930744 0.062366 -9.097912 0.062146
114 -9.014704 0.032268 0.044230 -9.228167 0.056974 -8.791280 0.064015 -8.929643 0.061712 -9.095942 0.061834
115 -9.014901 0.032365 0.035999 -9.230305 0.045052 -8.789589 0.057411 -8.932755 0.061572 -9.092995 0.061669
116 -9.012445 0.032590 0.039468 -9.231396 0.053600 -8.783332 0.059895 -8.935376 0.061365 -9.088755 0.061718
117 -9.004783 0.032630 0.041447 -9.226442 0.057073 -8.769707 0.054983 -8.932281 0.060602 -9.083850 0.061890
118 -9.005045 0.032644 0.042223 -9.227810 0.054604 -8.768910 0.054524 -8.934987 0.060420 -9.081340 0.061673
119 -9.000920 0.032467 0.041964 -9.223713 0.064230 -8.766138 0.062577 -8.933054 0.059747 -9.078027 0.061583
120 -8.998987 0.032543 0.038553 -9.223807 0.057071 -8.762557 0.063852 -8.935032 0.059477 -9.074480 0.061535
121 -8.998243 0.031750 0.044319 -9.216018 0.057276 -8.768890 0.056620 -8.925289 0.058827 -9.080086 0.060710
122 -8.999558 0.031750 0.038830 -9.218152 0.053497 -8.769145 0.065436 -8.928244 0.058707 -9.078252 0.060424
123 -8.999293 0.031976 0.038269 -9.221358 0.054833 -8.765471 0.055890 -8.931562 0.058647 -9.074747 0.060387
124 -9.002748 0.032259 0.039692 -9.231645 0.048084 -8.764650 0.062653 -8.936039 0.058783 -9.072347 0.060187
125 -9.003052 0.032611 0.036899 -9.237503 0.059993 -8.759694 0.050021 -8.939970 0.058829 -9.068573 0.060202
126 -9.004889 0.032452 0.035754 -9.238393 0.051917 -8.761892 0.058702 -8.942327 0.058639 -9.068326 0.059748
127 -9.005370 0.032442 0.038424 -9.239684 0.052498 -8.761514 0.050477 -8.944856 0.058478 -9.066218 0.059523
128 -9.005507 0.032550 0.043942 -9.241999 0.063122 -8.759537 0.061604 -8.947793 0.058380 -9.063381 0.059406
129 -9.003627 0.032800 0.040187 -9.244094 0.058188 -8.752921 0.058822 -8.950628 0.058271 -9.059410 0.059471
130 -9.004888 0.032432 0.037436 -9.242351 0.053067 -8.756795 0.057983 -8.951115 0.057870 -9.061204 0.058862
131 -9.010438 0.032268 0.039555 -9.246946 0.053907 -8.762233 0.053126 -8.954659 0.057879 -9.065658 0.058146
132 -9.005295 0.032236 0.039937 -9.243361 0.044503 -8.755982 0.057998 -8.953059 0.057307 -9.061810 0.058205
133 -9.006977 0.032275 0.037106 -9.246407 0.054581 -8.756115 0.048571 -8.956154 0.057254 -9.060089 0.057959
134 -9.002958 0.031936 0.031912 -9.240329 0.047079 -8.755462 0.050824 -8.949916 0.056575 -9.057943 0.057772
135 -9.008359 0.031867 0.036687 -9.246379 0.050548 -8.759757 0.052672 -8.953655 0.056632 -9.060554 0.057151
136 -9.004962 0.031403 0.033659 -9.239195 0.053827 -8.760967 0.056394 -8.944299 0.056112 -9.059657 0.056822
137 -9.003319 0.031618 0.039832 -9.241118 0.048370 -8.755250 0.056898 -8.946951 0.056012 -9.056004 0.056871
138 -9.002136 0.031339 0.036237 -9.238147 0.049070 -8.756388 0.048395 -8.946024 0.055526 -9.055078 0.056552
139 -9.001870 0.030908 0.042187 -9.234307 0.050344 -8.759849 0.054901 -8.943884 0.054969 -9.056609 0.056021
140 -9.001739 0.030951 0.038667 -9.235575 0.049250 -8.758411 0.056218 -8.946205 0.054838 -9.054193 0.055898
141 -9.003659 0.030960 0.033595 -9.238401 0.049090 -8.759113 0.052001 -8.949106 0.054790 -9.053003 0.055623
142 -9.009011 0.031001 0.035801 -9.247465 0.045862 -8.762262 0.059990 -8.953019 0.054902 -9.054232 0.055130
143 -9.003649 0.030754 0.038619 -9.240927 0.055518 -8.759333 0.055818 -8.945032 0.054373 -9.051322 0.055089
144 -9.010531 0.030654 0.033027 -9.249117 0.051499 -8.765591 0.055123 -8.948836 0.054473 -9.058637 0.054524
145 -9.008558 0.030820 0.033195 -9.250157 0.050509 -8.760158 0.052638 -8.951022 0.054339 -9.055186 0.054571
146 -9.005680 0.030578 0.033748 -9.246026 0.048244 -8.759596 0.053706 -8.948312 0.053789 -9.053269 0.054405
147 -9.005228 0.030685 0.037488 -9.247755 0.047963 -8.757009 0.051081 -8.950766 0.053698 -9.050517 0.054353
148 -9.007346 0.030852 0.034935 -9.253612 0.048028 -8.756104 0.043310 -8.954232 0.053758 -9.048452 0.054212
149 -9.008537 0.030689 0.037878 -9.253615 0.053154 -8.758067 0.058644 -8.955816 0.053561 -9.048452 0.053847
150 -9.010036 0.031031 0.032805 -9.264389 0.048904 -8.754044 0.050499 -8.959642 0.053683 -9.045357 0.053854
151 -9.010340 0.030542 0.035416 -9.260015 0.055213 -8.758986 0.044883 -8.956430 0.053137 -9.049860 0.053283
152 -9.006404 0.030411 0.034421 -9.256156 0.049097 -8.756048 0.045694 -8.954050 0.052629 -9.047070 0.053253
153 -9.005647 0.030191 0.033153 -9.253908 0.054764 -8.757085 0.049783 -8.953768 0.052260 -9.046293 0.052979
154 -9.012603 0.030149 0.034238 -9.266682 0.052503 -8.762764 0.052352 -8.957565 0.052390 -9.052722 0.052460
155 -9.015885 0.029941 0.036283 -9.267819 0.046789 -8.767060 0.050581 -8.959711 0.052283 -9.056091 0.051936
156 -9.015439 0.029765 0.035670 -9.266229 0.051262 -8.767914 0.046291 -8.960078 0.051980 -9.055212 0.051685
157 -9.015902 0.030001 0.031040 -9.271054 0.052854 -8.764328 0.042727 -8.963245 0.052020 -9.052320 0.051686
158 -9.016973 0.030258 0.037454 -9.277602 0.054071 -8.761059 0.047417 -8.966631 0.052095 -9.049519 0.051676
159 -9.017847 0.030155 0.034103 -9.277875 0.052945 -8.762191 0.051327 -8.968314 0.051940 -9.048894 0.051408
160 -9.014315 0.030246 0.037560 -9.276785 0.047246 -8.755003 0.048843 -8.969070 0.051685 -9.045493 0.051491
161 -9.014022 0.030300 0.033854 -9.277980 0.051426 -8.753234 0.045299 -8.971177 0.051588 -9.043197 0.051419
162 -9.017138 0.030024 0.037363 -9.278069 0.048919 -8.758376 0.045849 -8.972711 0.051424 -9.048643 0.050925
163 -9.019829 0.030056 0.039931 -9.282173 0.048467 -8.759482 0.046426 -8.975663 0.051446 -9.048026 0.050668
164 -9.025721 0.029847 0.033753 -9.285981 0.040706 -8.766826 0.044038 -8.978542 0.051460 -9.061140 0.050941
165 -9.025058 0.029901 0.037571 -9.286830 0.046970 -8.764709 0.046229 -8.980453 0.051347 -9.058749 0.050891
166 -9.026242 0.029517 0.034408 -9.284085 0.056567 -8.769529 0.046085 -8.979431 0.050960 -9.063531 0.050405
167 -9.022821 0.029451 0.036975 -9.281272 0.048259 -8.766248 0.048973 -8.978293 0.050570 -9.060825 0.050404
168 -9.023296 0.029230 0.031140 -9.279787 0.044206 -8.768483 0.047870 -8.978597 0.050294 -9.061341 0.050062
169 -9.024089 0.029347 0.032701 -9.283029 0.045156 -8.766930 0.045198 -8.981282 0.050294 -9.059199 0.049990
170 -9.020564 0.029241 0.036095 -9.279625 0.051625 -8.764200 0.046927 -8.979212 0.049866 -9.056673 0.049970
171 -9.016375 0.029295 0.031283 -9.277575 0.052331 -8.756065 0.052686 -8.978906 0.049550 -9.053385 0.050061
172 -9.015668 0.029318 0.032003 -9.277980 0.043544 -8.754362 0.047555 -8.980506 0.049419 -9.051202 0.049999
173 -9.015030 0.029443 0.030069 -9.279831 0.044362 -8.751089 0.049353 -8.982734 0.049367 -9.048560 0.050000
174 -9.014720 0.029492 0.034843 -9.280933 0.046197 -8.749392 0.044111 -8.984654 0.049278 -9.046398 0.049940
175 -9.015818 0.029468 0.034393 -9.282364 0.043582 -8.749872 0.046215 -8.986702 0.049207 -9.045374 0.049749
176 -9.015456 0.029294 0.031740 -9.280696 0.053939 -8.750958 0.045693 -8.986714 0.048928 -9.044829 0.049514
177 -9.015337 0.029383 0.038239 -9.282571 0.040448 -8.748831 0.049132 -8.988908 0.048879 -9.042551 0.049475
178 -9.012014 0.029006 0.031354 -9.274731 0.044574 -8.749965 0.041323 -8.971256 0.050289 -9.042072 0.049238
179 -9.012988 0.029155 0.033074 -9.279048 0.046056 -8.748054 0.053376 -8.974045 0.050320 -9.039887 0.049191
180 -9.012275 0.029223 0.031710 -9.280051 0.046744 -8.745621 0.043902 -8.975893 0.050229 -9.037544 0.049165
181 -9.013470 0.029258 0.033974 -9.282483 0.048179 -8.745459 0.047616 -8.978246 0.050204 -9.036171 0.049025
182 -9.012936 0.028833 0.032915 -9.277271 0.049914 -8.749593 0.045536 -8.971903 0.049800 -9.039989 0.048593
183 -9.015967 0.028842 0.032180 -9.281558 0.048132 -8.751266 0.043618 -8.974643 0.049831 -9.040076 0.048320
184 -9.020256 0.028814 0.031655 -9.287111 0.047917 -8.754440 0.044725 -8.977542 0.049886 -9.042149 0.047934
185 -9.016501 0.028743 0.030183 -9.283871 0.047086 -8.750811 0.046994 -8.975527 0.049489 -9.039566 0.047951
186 -9.019088 0.028569 0.032269 -9.284520 0.044962 -8.754429 0.047138 -8.977174 0.049386 -9.042459 0.047550
187 -9.021998 0.028408 0.028808 -9.285636 0.045863 -8.758174 0.040580 -8.979023 0.049309 -9.045630 0.047150
188 -9.018689 0.028085 0.030479 -9.278577 0.049171 -8.758816 0.049856 -8.964806 0.049908 -9.044856 0.046966
189 -9.018996 0.028182 0.031246 -9.281040 0.046165 -8.757011 0.043246 -8.967111 0.049889 -9.042799 0.046923
190 -9.020839 0.028293 0.038393 -9.286005 0.043250 -8.756457 0.047772 -8.969875 0.049933 -9.041288 0.046819
191 -9.018447 0.028222 0.029640 -9.283861 0.048869 -8.754495 0.040876 -8.969345 0.049630 -9.039195 0.046784
192 -9.019763 0.028134 0.031519 -9.284503 0.037251 -8.756014 0.042708 -8.970962 0.049531 -9.039232 0.046536
193 -9.021288 0.028171 0.032512 -9.287329 0.040582 -8.756143 0.045774 -8.973325 0.049526 -9.038144 0.046392
194 -9.025072 0.028189 0.030010 -9.293564 0.044849 -8.758352 0.042470 -8.976166 0.049587 -9.039001 0.046094
195 -9.027682 0.028105 0.031221 -9.295470 0.046659 -8.760894 0.042158 -8.978265 0.049551 -9.040327 0.045774
196 -9.030551 0.028139 0.030323 -9.300246 0.041800 -8.762167 0.039986 -8.980941 0.049592 -9.040178 0.045552
197 -9.034805 0.027962 0.032030 -9.302317 0.047598 -8.767770 0.042056 -8.983077 0.049563 -9.049174 0.045525
198 -9.031197 0.027663 0.030121 -9.294903 0.044182 -8.767968 0.040582 -8.965668 0.050873 -9.048168 0.045382
199 -9.026663 0.027662 0.032195 -9.291888 0.045574 -8.759494 0.046123 -8.963948 0.050500 -9.045276 0.045466
