# 1num 2slvfe 3error 4boot 5lower 6boot 7upper 8boot 9explow 10errlow 11expupp 12 errupp
1 -7.091130 0.596404 0.000000 -7.504600 0.000000 -6.677660 0.000000 -7.504600 nan -6.677660 nan
2 -7.330766 0.544948 0.189820 -8.019645 0.379646 -6.743385 0.046197 -7.820336 0.416287 -6.747001 0.065460
3 -7.759729 0.260487 0.390050 -8.059080 0.243806 -7.438477 0.591179 -7.908641 0.294519 -8.208950 0.544843
4 -7.929279 0.248493 0.275471 -8.304652 0.306301 -7.515355 0.410294 -8.051141 0.309624 -8.122488 0.455007
5 -7.832947 0.158661 0.241712 -8.071030 0.290351 -7.598288 0.365650 -7.725243 0.286887 -8.088648 0.374654
6 -7.833625 0.175258 0.201059 -8.136755 0.271778 -7.533280 0.302630 -7.800442 0.277558 -8.006580 0.361908
7 -7.928235 0.152735 0.190240 -8.185750 0.221157 -7.635026 0.279807 -7.861364 0.267619 -8.047151 0.288424
8 -7.803404 0.129370 0.192876 -8.036076 0.248757 -7.575105 0.236443 -7.654164 0.239664 -7.986337 0.283921
9 -7.764853 0.128884 0.185186 -8.020309 0.201451 -7.525579 0.203166 -7.676531 0.220625 -7.933562 0.279082
10 -7.840509 0.135836 0.165732 -8.200090 0.251054 -7.548098 0.189089 -7.737522 0.227828 -7.917608 0.256898
11 -7.869765 0.121503 0.126453 -8.187271 0.233248 -7.599331 0.196005 -7.760555 0.215480 -7.938102 0.225422
12 -7.816657 0.119028 0.152507 -8.147908 0.221147 -7.540450 0.180025 -7.756616 0.195449 -7.895542 0.225370
13 -7.773462 0.119367 0.144220 -8.123610 0.185275 -7.478126 0.196021 -7.762090 0.181529 -7.854818 0.225932
14 -7.735742 0.110955 0.145148 -8.072737 0.200108 -7.464994 0.177836 -7.728927 0.162209 -7.828283 0.220370
15 -7.787245 0.108789 0.136398 -8.127434 0.176879 -7.502051 0.147792 -7.764047 0.164207 -7.843246 0.200613
16 -7.749468 0.111272 0.126304 -8.113901 0.173179 -7.422294 0.163573 -7.772239 0.155944 -7.807402 0.202681
17 -7.753423 0.096150 0.135045 -8.065547 0.181684 -7.475639 0.164318 -7.730321 0.142412 -7.854558 0.181655
18 -7.754592 0.095515 0.122555 -8.069702 0.179875 -7.471538 0.139357 -7.747023 0.139117 -7.836671 0.177415
19 -7.741285 0.098737 0.116979 -8.078577 0.177705 -7.431139 0.148666 -7.764903 0.136808 -7.809371 0.177888
20 -7.743959 0.083892 0.111481 -8.021557 0.144050 -7.493367 0.171788 -7.681534 0.137070 -7.899821 0.167537
21 -7.736714 0.089147 0.110163 -8.046789 0.159546 -7.446102 0.143004 -7.703732 0.137203 -7.873579 0.168678
22 -7.719339 0.087706 0.117632 -8.032138 0.147787 -7.431705 0.155745 -7.704660 0.131024 -7.853938 0.167411
23 -7.719997 0.090458 0.108614 -8.053988 0.148226 -7.410247 0.131622 -7.724464 0.130984 -7.833241 0.166951
24 -7.754748 0.087418 0.101804 -8.077802 0.139525 -7.444153 0.142344 -7.744146 0.131153 -7.855810 0.155491
25 -7.746254 0.090396 0.113420 -8.092540 0.131590 -7.406132 0.129940 -7.760881 0.130487 -7.833996 0.156287
26 -7.732266 0.091320 0.103448 -8.091529 0.130987 -7.378482 0.138152 -7.770143 0.127673 -7.814088 0.156569
27 -7.723891 0.090826 0.093195 -8.088026 0.131056 -7.367396 0.143144 -7.777171 0.124511 -7.798235 0.155550
28 -7.718858 0.085783 0.095979 -8.064543 0.125486 -7.382881 0.138344 -7.760611 0.117832 -7.798333 0.149868
29 -7.736418 0.082772 0.092538 -8.068887 0.101438 -7.405703 0.131065 -7.771268 0.116245 -7.808763 0.142475
30 -7.720733 0.082449 0.081274 -8.059478 0.123255 -7.386773 0.123349 -7.771774 0.112400 -7.792571 0.142383
31 -7.720412 0.083508 0.090535 -8.071493 0.104749 -7.373921 0.128621 -7.784791 0.111890 -7.778158 0.141836
32 -7.715426 0.081186 0.084649 -8.060051 0.113753 -7.377557 0.105361 -7.782142 0.107889 -7.770979 0.139183
33 -7.703087 0.082683 0.091081 -8.063136 0.101835 -7.339255 0.133571 -7.790713 0.106434 -7.753789 0.139937
34 -7.690616 0.082996 0.079679 -8.059431 0.097990 -7.317477 0.121390 -7.794545 0.103993 -7.738589 0.140113
35 -7.682822 0.082142 0.084880 -8.053003 0.091158 -7.310942 0.123982 -7.795648 0.101171 -7.727174 0.139159
36 -7.701866 0.079005 0.072733 -8.055893 0.103961 -7.339159 0.108543 -7.803225 0.099870 -7.755218 0.131900
37 -7.710544 0.074921 0.066326 -8.044288 0.099812 -7.365528 0.112563 -7.797690 0.096393 -7.779785 0.125437
38 -7.712585 0.075029 0.084584 -8.051784 0.093007 -7.362143 0.108623 -7.807018 0.095764 -7.770333 0.124408
39 -7.729795 0.074742 0.077611 -8.077403 0.097703 -7.372598 0.120311 -7.820560 0.096397 -7.770321 0.121178
40 -7.729005 0.071382 0.072925 -8.060872 0.102025 -7.388088 0.107811 -7.806267 0.092812 -7.777002 0.116983
41 -7.725751 0.071936 0.084830 -8.065842 0.095739 -7.376589 0.098451 -7.814119 0.092060 -7.765791 0.116809
42 -7.718013 0.070783 0.072381 -8.056292 0.098562 -7.373947 0.111756 -7.810090 0.089326 -7.757676 0.115845
43 -7.726033 0.071238 0.069691 -8.074643 0.093212 -7.373539 0.108579 -7.821624 0.089687 -7.750846 0.114628
44 -7.720163 0.071809 0.070581 -8.077331 0.081758 -7.357832 0.105993 -7.827938 0.088785 -7.739445 0.114734
45 -7.722282 0.070905 0.066791 -8.077085 0.084966 -7.361625 0.098064 -7.832319 0.087541 -7.735484 0.112973
46 -7.724607 0.071034 0.068665 -8.084695 0.079555 -7.358706 0.097783 -7.840557 0.087203 -7.728004 0.112138
47 -7.717141 0.071232 0.072100 -8.083438 0.079606 -7.344521 0.097888 -7.843952 0.085882 -7.717458 0.112190
48 -7.730836 0.069532 0.064111 -8.087860 0.072207 -7.362744 0.096415 -7.850587 0.085277 -7.733633 0.108072
49 -7.739561 0.068424 0.064045 -8.091808 0.081807 -7.373248 0.087725 -7.856880 0.084641 -7.736943 0.105310
50 -7.736535 0.069442 0.066265 -8.101526 0.080669 -7.354317 0.096676 -7.865304 0.084538 -7.726249 0.105602
51 -7.730246 0.069278 0.066219 -8.098679 0.072466 -7.345782 0.085192 -7.866961 0.083111 -7.717514 0.105407
52 -7.742612 0.068589 0.057101 -8.110741 0.074543 -7.356512 0.091084 -7.875776 0.083186 -7.721702 0.102721
53 -7.730733 0.067571 0.060586 -8.097365 0.083535 -7.350422 0.083147 -7.862270 0.080884 -7.713952 0.102381
54 -7.729529 0.067960 0.062087 -8.103339 0.068221 -7.341991 0.077354 -7.869016 0.080561 -7.705650 0.102218
55 -7.714496 0.066616 0.047843 -8.084023 0.068352 -7.335909 0.083849 -7.837242 0.081112 -7.698124 0.101899
56 -7.713133 0.064551 0.051620 -8.071542 0.078699 -7.346348 0.081429 -7.825281 0.078961 -7.702916 0.099376
57 -7.712936 0.062068 0.060457 -8.056522 0.062546 -7.361158 0.088013 -7.806933 0.077353 -7.716010 0.096371
58 -7.708219 0.062202 0.059856 -8.056525 0.075527 -7.351846 0.074439 -7.810462 0.076540 -7.707968 0.096322
59 -7.711368 0.059835 0.061691 -8.044902 0.066161 -7.369423 0.080755 -7.799540 0.074655 -7.729147 0.093710
60 -7.699863 0.059467 0.054723 -8.035539 0.080622 -7.357774 0.093127 -7.792622 0.072878 -7.720836 0.093802
61 -7.690142 0.058706 0.054256 -8.024640 0.076594 -7.352698 0.091726 -7.782648 0.071175 -7.714188 0.093525
62 -7.688798 0.058696 0.056457 -8.026198 0.077386 -7.348710 0.093274 -7.786829 0.070635 -7.708004 0.093171
63 -7.680458 0.058399 0.047392 -8.019740 0.088614 -7.340297 0.093411 -7.783767 0.069216 -7.700624 0.093119
64 -7.691418 0.057404 0.059559 -8.024537 0.060660 -7.353843 0.080333 -7.789362 0.068998 -7.712971 0.090602
65 -7.693742 0.058460 0.059790 -8.050402 0.072233 -7.341602 0.088137 -7.798230 0.069523 -7.705069 0.090736
66 -7.690215 0.058295 0.049988 -8.048615 0.076304 -7.337083 0.084385 -7.800054 0.068695 -7.698982 0.090475
67 -7.675523 0.057775 0.057959 -8.034574 0.070250 -7.322354 0.083932 -7.780850 0.068189 -7.690956 0.090683
68 -7.675933 0.057887 0.055868 -8.038695 0.071339 -7.318953 0.072592 -7.786060 0.067970 -7.685369 0.090355
69 -7.669763 0.057930 0.055133 -8.036288 0.060638 -7.308828 0.078506 -7.787229 0.067119 -7.678133 0.090417
70 -7.673496 0.057963 0.052569 -8.043443 0.072133 -7.308961 0.077265 -7.793356 0.067120 -7.674260 0.089781
71 -7.678469 0.057048 0.051795 -8.042552 0.074130 -7.317540 0.077631 -7.795619 0.066458 -7.678487 0.087983
72 -7.671869 0.057239 0.054203 -8.040923 0.071681 -7.303707 0.073201 -7.797240 0.065727 -7.671011 0.088169
73 -7.660640 0.056149 0.050596 -8.023721 0.074822 -7.301450 0.074371 -7.761880 0.070073 -7.666170 0.087796
74 -7.660214 0.056737 0.049137 -8.032758 0.065247 -7.291018 0.080399 -7.768280 0.070162 -7.659271 0.087884
75 -7.656450 0.056469 0.042458 -8.029699 0.059033 -7.287620 0.075220 -7.768734 0.069274 -7.654094 0.087615
76 -7.657590 0.056823 0.047684 -8.037790 0.064053 -7.282330 0.073101 -7.774804 0.069325 -7.648384 0.087475
77 -7.653349 0.057187 0.051242 -8.039836 0.068684 -7.268425 0.068416 -7.778735 0.068984 -7.641295 0.087654
78 -7.653075 0.056796 0.052607 -8.038551 0.066940 -7.269246 0.078067 -7.780545 0.068325 -7.638197 0.087030
79 -7.652464 0.057109 0.059826 -8.043984 0.059025 -7.262272 0.076103 -7.785731 0.068243 -7.632234 0.086991
80 -7.662369 0.055954 0.046339 -8.044561 0.060184 -7.278835 0.076506 -7.788718 0.067789 -7.661057 0.086545
81 -7.658737 0.056285 0.052433 -8.046894 0.069663 -7.266633 0.076765 -7.792601 0.067497 -7.654399 0.086688
82 -7.668070 0.055414 0.051550 -8.049607 0.066886 -7.279357 0.073920 -7.796617 0.067241 -7.668789 0.084783
83 -7.669739 0.054573 0.051750 -8.045863 0.057803 -7.285728 0.065495 -7.795887 0.066348 -7.670677 0.083512
84 -7.676481 0.054382 0.058575 -8.054101 0.065175 -7.290382 0.081556 -7.801549 0.066423 -7.670749 0.082502
85 -7.679227 0.054188 0.043293 -8.057196 0.057508 -7.292171 0.070060 -7.805623 0.066213 -7.668514 0.081862
86 -7.685033 0.053234 0.051117 -8.055634 0.060404 -7.303145 0.063814 -7.806862 0.065587 -7.679438 0.080170
87 -7.695209 0.052316 0.048141 -8.058283 0.059671 -7.318482 0.067388 -7.810659 0.065354 -7.706156 0.080149
88 -7.694792 0.051531 0.049422 -8.053024 0.054028 -7.323259 0.075482 -7.807721 0.064356 -7.706537 0.079183
89 -7.699000 0.050985 0.050219 -8.053656 0.057300 -7.329405 0.072297 -7.810386 0.063970 -7.708650 0.078040
90 -7.698988 0.050479 0.050054 -8.051034 0.056784 -7.332175 0.078741 -7.810467 0.063264 -7.707352 0.077347
91 -7.699736 0.050539 0.049693 -8.054641 0.055034 -7.330209 0.075422 -7.814509 0.063121 -7.703373 0.077108
92 -7.688825 0.050310 0.047594 -8.045312 0.057875 -7.315868 0.072675 -7.802825 0.062303 -7.697241 0.077300
93 -7.691307 0.050402 0.045739 -8.051473 0.063577 -7.315096 0.068011 -7.807623 0.062314 -7.693818 0.076981
94 -7.697499 0.050228 0.048619 -8.058800 0.056070 -7.319604 0.073929 -7.812659 0.062376 -7.694315 0.076096
95 -7.696236 0.050627 0.045948 -8.064590 0.055577 -7.309903 0.070376 -7.817302 0.062372 -7.688727 0.076206
96 -7.695190 0.049963 0.046615 -8.059478 0.057621 -7.313599 0.073404 -7.814179 0.061476 -7.688482 0.075440
97 -7.690979 0.050199 0.049565 -8.060115 0.055306 -7.301425 0.073715 -7.816658 0.061143 -7.682761 0.075597
98 -7.691995 0.050463 0.050069 -8.067177 0.061469 -7.297255 0.067962 -7.821494 0.061201 -7.678278 0.075521
99 -7.695469 0.049529 0.049813 -8.063087 0.055416 -7.307292 0.078760 -7.819654 0.060421 -7.688987 0.074186
100 -7.689867 0.049207 0.045783 -8.057264 0.054629 -7.304007 0.069829 -7.815107 0.059532 -7.684822 0.074073
101 -7.694101 0.048568 0.053701 -8.056430 0.063345 -7.311673 0.067097 -7.816482 0.059092 -7.690312 0.072869
102 -7.697947 0.048175 0.046020 -8.057721 0.056638 -7.316727 0.074284 -7.819200 0.058840 -7.691820 0.071985
103 -7.694325 0.048354 0.044895 -8.058221 0.048944 -7.307390 0.071738 -7.821434 0.058528 -7.686624 0.072096
104 -7.686026 0.048066 0.043268 -8.050232 0.055703 -7.300439 0.068744 -7.811718 0.057834 -7.681774 0.072147
105 -7.685870 0.047744 0.046913 -8.048655 0.053049 -7.301974 0.066693 -7.812372 0.057347 -7.680018 0.071689
106 -7.683051 0.046639 0.043352 -8.035744 0.061759 -7.309139 0.059858 -7.781245 0.061859 -7.685038 0.070591
107 -7.674125 0.046477 0.045624 -8.028412 0.057655 -7.297630 0.066020 -7.773315 0.060979 -7.679819 0.070737
108 -7.668053 0.046259 0.044666 -8.022942 0.049862 -7.292709 0.077197 -7.769157 0.060135 -7.675475 0.070726
109 -7.672614 0.046216 0.045596 -8.029742 0.054061 -7.295157 0.067850 -7.773612 0.060194 -7.674508 0.070195
110 -7.670506 0.046347 0.045117 -8.031030 0.052448 -7.289370 0.067108 -7.776257 0.059968 -7.670058 0.070217
111 -7.662528 0.046149 0.046711 -8.024091 0.053895 -7.281081 0.067120 -7.768923 0.059150 -7.665274 0.070307
112 -7.668645 0.046170 0.047228 -8.037186 0.048735 -7.284058 0.065000 -7.773970 0.059334 -7.664840 0.069728
113 -7.670542 0.045573 0.047207 -8.034249 0.050810 -7.290071 0.067973 -7.773327 0.058747 -7.668260 0.068798
114 -7.673368 0.045430 0.039933 -8.037025 0.052654 -7.292309 0.059674 -7.776580 0.058639 -7.667285 0.068310
115 -7.671403 0.045393 0.041258 -8.036531 0.050458 -7.289355 0.059737 -7.778082 0.058293 -7.663652 0.068225
116 -7.669716 0.045332 0.043328 -8.036004 0.053055 -7.287007 0.063343 -7.779532 0.057947 -7.660241 0.068108
117 -7.676218 0.045126 0.050798 -8.042677 0.058946 -7.292625 0.069392 -7.783748 0.058012 -7.663344 0.067244
118 -7.674254 0.045273 0.042431 -8.044234 0.056361 -7.286563 0.059575 -7.786401 0.057836 -7.659093 0.067284
119 -7.675459 0.045441 0.040815 -8.049962 0.053947 -7.283977 0.068031 -7.790388 0.057871 -7.655674 0.067188
120 -7.668487 0.045284 0.043011 -8.044142 0.051330 -7.276355 0.064727 -7.785010 0.057123 -7.651264 0.067266
121 -7.666701 0.044740 0.040437 -8.038498 0.048510 -7.279367 0.064075 -7.779928 0.056395 -7.651179 0.066717
122 -7.661708 0.044659 0.045026 -8.035023 0.053002 -7.273416 0.052344 -7.778368 0.055807 -7.647053 0.066756
123 -7.662088 0.044770 0.036710 -8.038619 0.052190 -7.270788 0.064031 -7.781724 0.055765 -7.643702 0.066669
124 -7.661432 0.044743 0.037736 -8.039285 0.051573 -7.269031 0.061005 -7.783815 0.055547 -7.640672 0.066536
125 -7.663742 0.044425 0.038696 -8.039233 0.050069 -7.272808 0.057106 -7.785445 0.055276 -7.641547 0.065910
126 -7.656528 0.044137 0.043941 -8.031462 0.048401 -7.267857 0.059417 -7.774307 0.054940 -7.637698 0.065922
127 -7.652912 0.044086 0.041189 -8.029327 0.047865 -7.263266 0.056669 -7.774195 0.054496 -7.633942 0.065922
128 -7.649022 0.044011 0.036735 -8.026722 0.047497 -7.258747 0.059564 -7.773541 0.054013 -7.630221 0.065920
129 -7.654358 0.043246 0.037103 -8.024230 0.047603 -7.272733 0.059448 -7.772982 0.053546 -7.674979 0.074437
130 -7.658404 0.042764 0.036575 -8.023671 0.050459 -7.279848 0.069980 -7.774170 0.053251 -7.681379 0.073350
131 -7.658228 0.042379 0.041169 -8.020694 0.048980 -7.282658 0.065558 -7.772961 0.052750 -7.681132 0.072819
132 -7.652699 0.042018 0.043563 -8.013308 0.048233 -7.281008 0.053572 -7.762278 0.052498 -7.678214 0.072679
133 -7.652328 0.042075 0.043880 -8.015144 0.043866 -7.278502 0.058513 -7.764813 0.052385 -7.675040 0.072585
134 -7.653790 0.042021 0.040528 -8.017362 0.048841 -7.278995 0.060969 -7.767492 0.052296 -7.673143 0.072296
135 -7.654580 0.041746 0.044213 -8.016255 0.051022 -7.281409 0.056347 -7.768177 0.051972 -7.672666 0.071817
136 -7.653982 0.041326 0.037735 -8.012440 0.046078 -7.284386 0.056936 -7.765662 0.051432 -7.672767 0.071275
137 -7.655437 0.041301 0.038800 -8.015013 0.046317 -7.284598 0.050955 -7.768428 0.051368 -7.670794 0.071015
138 -7.653918 0.041067 0.040414 -8.012423 0.043456 -7.284876 0.046606 -7.767546 0.050926 -7.668881 0.070751
139 -7.652356 0.040901 0.040776 -8.010523 0.048331 -7.284307 0.054083 -7.767405 0.050547 -7.666560 0.070553
140 -7.651540 0.041076 0.035888 -8.013602 0.047829 -7.279086 0.058019 -7.770296 0.050512 -7.662949 0.070566
141 -7.649477 0.041110 0.035328 -8.013517 0.046729 -7.275024 0.060739 -7.771658 0.050285 -7.659561 0.070545
142 -7.641478 0.040798 0.039233 -8.003252 0.051540 -7.269808 0.061087 -7.744225 0.054705 -7.655988 0.070558
143 -7.638055 0.040933 0.032720 -8.003191 0.049223 -7.259433 0.059091 -7.745656 0.054471 -7.651986 0.070649
144 -7.638674 0.041091 0.036248 -8.008027 0.047551 -7.256355 0.055507 -7.748969 0.054494 -7.648857 0.070596
145 -7.636917 0.041109 0.038568 -8.008033 0.050448 -7.252941 0.053411 -7.750424 0.054269 -7.645665 0.070556
146 -7.639933 0.040892 0.040930 -8.009414 0.040603 -7.256531 0.054556 -7.752621 0.054139 -7.646671 0.069960
147 -7.638612 0.040933 0.038037 -8.010077 0.049352 -7.253244 0.059251 -7.754441 0.053965 -7.643544 0.069918
148 -7.641819 0.040518 0.039154 -8.009132 0.051065 -7.259415 0.055413 -7.755153 0.053668 -7.649176 0.069019
149 -7.643754 0.040542 0.038095 -8.013173 0.049713 -7.259489 0.057333 -7.758210 0.053668 -7.647291 0.068798
150 -7.643147 0.040620 0.039454 -8.015040 0.041609 -7.256375 0.056127 -7.760569 0.053573 -7.644257 0.068754
151 -7.644859 0.040478 0.034065 -8.016123 0.047210 -7.258224 0.047465 -7.762562 0.053432 -7.643599 0.068375
152 -7.645296 0.040549 0.037740 -8.019095 0.049015 -7.256323 0.053316 -7.765289 0.053393 -7.640936 0.068280
153 -7.646384 0.040698 0.037831 -8.024823 0.047220 -7.253837 0.058061 -7.768609 0.053443 -7.638113 0.068213
154 -7.649334 0.040647 0.038689 -8.028833 0.048125 -7.255590 0.050974 -7.771594 0.053445 -7.637437 0.067849
155 -7.643631 0.040460 0.036574 -8.023076 0.043177 -7.251090 0.055457 -7.764325 0.052951 -7.634211 0.067853
156 -7.648911 0.040264 0.035593 -8.027413 0.040163 -7.256331 0.058927 -7.767358 0.052966 -7.638295 0.067080
157 -7.643693 0.039916 0.037298 -8.019592 0.044303 -7.255309 0.057005 -7.752099 0.053464 -7.636023 0.066944
158 -7.642628 0.039972 0.035420 -8.020674 0.044265 -7.252001 0.051500 -7.754067 0.053337 -7.633071 0.066915
159 -7.643228 0.039742 0.035139 -8.019532 0.042007 -7.254146 0.055084 -7.754566 0.053047 -7.632828 0.066520
160 -7.646628 0.039724 0.034868 -8.025097 0.053073 -7.255891 0.050516 -7.757764 0.053095 -7.632254 0.066169
161 -7.652906 0.039387 0.036195 -8.027802 0.041797 -7.264680 0.055214 -7.760334 0.053054 -7.649445 0.066097
162 -7.650517 0.039128 0.036230 -8.023894 0.041687 -7.264951 0.050978 -7.757226 0.052543 -7.647841 0.065884
163 -7.649856 0.039090 0.034616 -8.024022 0.043248 -7.263709 0.049713 -7.758627 0.052362 -7.645549 0.065771
164 -7.652091 0.038966 0.034213 -8.025678 0.037319 -7.265877 0.048647 -7.760790 0.052275 -7.645393 0.065386
165 -7.650973 0.039076 0.034893 -8.027474 0.045224 -7.261269 0.046686 -7.762997 0.052197 -7.642306 0.065400
166 -7.649213 0.038934 0.037585 -8.025418 0.042973 -7.260546 0.056097 -7.762504 0.051841 -7.640261 0.065260
167 -7.649593 0.038866 0.033279 -8.026049 0.048267 -7.260648 0.055231 -7.764151 0.051699 -7.638631 0.065066
168 -7.656091 0.038676 0.036830 -8.032961 0.042645 -7.267208 0.056724 -7.767383 0.051771 -7.646977 0.064315
169 -7.653042 0.038632 0.037587 -8.031008 0.039374 -7.263422 0.049531 -7.766980 0.051430 -7.644080 0.064310
170 -7.655528 0.038440 0.033435 -8.031834 0.043115 -7.266640 0.047238 -7.768710 0.051305 -7.645208 0.063819
171 -7.654693 0.037838 0.040609 -8.023901 0.044345 -7.272686 0.049630 -7.750649 0.052583 -7.652146 0.063089
172 -7.655576 0.037662 0.035924 -8.023466 0.038696 -7.274576 0.045810 -7.751632 0.052372 -7.651844 0.062754
173 -7.662349 0.037445 0.034097 -8.029765 0.040962 -7.282192 0.049522 -7.754735 0.052432 -7.664935 0.062393
174 -7.662397 0.037383 0.031249 -8.030084 0.046384 -7.282028 0.052781 -7.756195 0.052278 -7.663225 0.062236
175 -7.664380 0.037219 0.035992 -8.030741 0.039657 -7.284611 0.052477 -7.757830 0.052147 -7.663654 0.061836
176 -7.669213 0.037087 0.037872 -8.035574 0.042747 -7.288998 0.048786 -7.760709 0.052181 -7.666808 0.061240
177 -7.667211 0.037131 0.035783 -8.035504 0.042074 -7.284720 0.051904 -7.761910 0.052004 -7.663935 0.061255
178 -7.670495 0.036790 0.033195 -8.034871 0.047140 -7.290883 0.054448 -7.762703 0.051786 -7.671699 0.060615
179 -7.672923 0.036514 0.031213 -8.034339 0.041077 -7.295321 0.048466 -7.763559 0.051577 -7.675025 0.060031
180 -7.674137 0.036521 0.035265 -8.036919 0.043684 -7.295223 0.045819 -7.765911 0.051546 -7.673412 0.059880
181 -7.677462 0.036243 0.034318 -8.037095 0.049255 -7.300526 0.045706 -7.767224 0.051390 -7.678831 0.059256
182 -7.675755 0.036352 0.036313 -8.038213 0.044342 -7.294648 0.051459 -7.769022 0.051293 -7.675837 0.059302
183 -7.675627 0.036050 0.030756 -8.035245 0.044149 -7.297519 0.055733 -7.767124 0.050885 -7.676728 0.058896
184 -7.676092 0.036184 0.031021 -8.039661 0.043324 -7.294605 0.044107 -7.769841 0.050912 -7.674180 0.058881
185 -7.675954 0.036367 0.030838 -8.044456 0.041478 -7.289332 0.052082 -7.772607 0.050947 -7.671282 0.058919
186 -7.676695 0.036395 0.033384 -8.046847 0.039616 -7.288562 0.050097 -7.774853 0.050913 -7.669402 0.058817
187 -7.677863 0.036337 0.035582 -8.048191 0.037238 -7.289347 0.049200 -7.776719 0.050833 -7.668366 0.058612
188 -7.682778 0.036191 0.033993 -8.052736 0.043054 -7.294140 0.052485 -7.779416 0.050863 -7.672792 0.058036
189 -7.682716 0.036325 0.037360 -8.056349 0.038445 -7.290436 0.048937 -7.781942 0.050871 -7.670149 0.058045
190 -7.685489 0.036187 0.034256 -8.058023 0.039083 -7.293437 0.048479 -7.783921 0.050810 -7.671329 0.057637
191 -7.680432 0.036005 0.035054 -8.052173 0.045694 -7.290376 0.046699 -7.774277 0.050644 -7.668824 0.057631
192 -7.683267 0.035707 0.029956 -8.051487 0.039618 -7.295774 0.046257 -7.774952 0.050441 -7.675048 0.057071
193 -7.686628 0.035555 0.029842 -8.053520 0.043846 -7.299444 0.053985 -7.777039 0.050398 -7.677319 0.056604
194 -7.684034 0.035450 0.031637 -8.050974 0.044391 -7.297766 0.047379 -7.775688 0.050043 -7.675187 0.056554
195 -7.680427 0.035325 0.032344 -8.047326 0.034328 -7.295359 0.050047 -7.772402 0.049620 -7.672863 0.056531
196 -7.680317 0.035480 0.034732 -8.051520 0.036448 -7.290841 0.044515 -7.774966 0.049646 -7.670182 0.056559
