# 1num 2slvfe 3error 4boot 5lower 6boot 7upper 8boot 9explow 10errlow 11expupp 12 errupp
1 -7.644415 0.059833 0.000000 -7.650390 0.000000 -7.638440 0.000000 -7.650390 nan -7.638440 nan
2 -7.715874 0.359432 0.183060 -8.085370 0.308632 -7.374345 0.169934 -7.939039 0.371314 -7.431022 0.248076
3 -7.490451 0.375613 0.291097 -8.004907 0.219912 -6.739800 0.552227 -7.905640 0.205284 -7.200322 0.351903
4 -7.518955 0.261844 0.197904 -7.898950 0.195683 -6.950717 0.363525 -7.806512 0.153134 -7.321501 0.230779
5 -7.609685 0.253774 0.174953 -8.053344 0.200681 -7.029468 0.373644 -7.905566 0.176715 -7.326166 0.177428
6 -7.621407 0.231807 0.125341 -8.054698 0.190017 -7.072010 0.299911 -7.928880 0.151913 -7.319455 0.146665
7 -7.626281 0.184004 0.115456 -7.976113 0.170805 -7.175463 0.250115 -7.846492 0.135737 -7.415581 0.137879
8 -7.682595 0.162361 0.123626 -7.996044 0.125116 -7.267691 0.268002 -7.875835 0.127093 -7.505634 0.132386
9 -7.644441 0.158905 0.098875 -7.974368 0.127281 -7.224970 0.212232 -7.867036 0.110788 -7.461088 0.134045
10 -7.565955 0.159068 0.107365 -7.926196 0.118703 -7.056475 0.251841 -7.817092 0.102955 -7.400911 0.146967
11 -7.641160 0.137639 0.115854 -7.948271 0.124892 -7.186295 0.274068 -7.841759 0.100274 -7.630115 0.210713
12 -7.649228 0.124277 0.123438 -7.928626 0.103980 -7.231542 0.248967 -7.829853 0.090498 -7.639036 0.189704
13 -7.714358 0.107782 0.128848 -7.948956 0.098959 -7.348147 0.263643 -7.851146 0.088955 -7.846739 0.214309
14 -7.699953 0.116736 0.114085 -7.983112 0.104327 -7.279769 0.246699 -7.878125 0.090481 -7.806534 0.216291
15 -7.670148 0.110611 0.127518 -7.946909 0.096541 -7.275479 0.245842 -7.836489 0.088247 -7.780996 0.211782
16 -7.698252 0.103804 0.112987 -7.959148 0.092649 -7.317732 0.198397 -7.851649 0.086054 -7.793209 0.194463
17 -7.621941 0.100971 0.116764 -7.880533 0.121046 -7.196149 0.234929 -7.649621 0.180778 -7.757591 0.197356
18 -7.633134 0.102040 0.107699 -7.908510 0.124974 -7.199078 0.233369 -7.673554 0.179093 -7.738270 0.193198
19 -7.651379 0.098234 0.113596 -7.919454 0.108467 -7.226354 0.211402 -7.690235 0.175032 -7.737185 0.183083
20 -7.617320 0.101317 0.102629 -7.912214 0.102394 -7.109294 0.222269 -7.694185 0.167200 -7.706868 0.185377
21 -7.598483 0.102506 0.114757 -7.910445 0.106098 -7.082025 0.228802 -7.701660 0.161222 -7.681953 0.185606
22 -7.586905 0.107891 0.095383 -7.940775 0.090252 -6.956421 0.260413 -7.722899 0.160754 -7.654321 0.187509
23 -7.543098 0.107458 0.102821 -7.911316 0.095869 -6.881226 0.238382 -7.693513 0.149003 -7.628282 0.189053
24 -7.531862 0.111488 0.112436 -7.935099 0.090656 -6.799052 0.249473 -7.712020 0.148353 -7.603180 0.190522
25 -7.492527 0.111460 0.122215 -7.911569 0.101306 -6.700986 0.285294 -7.692202 0.139016 -7.578949 0.191923
26 -7.481878 0.100696 0.125652 -7.850966 0.123038 -6.752485 0.261069 -7.519632 0.180139 -7.605123 0.178321
27 -7.515812 0.095713 0.107961 -7.863720 0.113066 -6.805304 0.244994 -7.534794 0.178466 -7.639792 0.165362
28 -7.490782 0.096030 0.111489 -7.852430 0.104366 -6.778979 0.253100 -7.535248 0.172106 -7.619690 0.166074
29 -7.449026 0.092374 0.112914 -7.799724 0.114093 -6.773178 0.219302 -7.412534 0.174848 -7.602677 0.165785
30 -7.441127 0.085568 0.131583 -7.763039 0.110689 -6.807437 0.235952 -7.368332 0.162531 -7.610467 0.158274
31 -7.419817 0.087383 0.111765 -7.762103 0.100554 -6.733170 0.241751 -7.377216 0.159811 -7.591027 0.159387
32 -7.440746 0.082143 0.129089 -7.756745 0.112721 -6.781476 0.194192 -7.382849 0.156308 -7.630154 0.149401
33 -7.436234 0.081951 0.099220 -7.758012 0.120579 -6.783399 0.198391 -7.391989 0.154113 -7.616780 0.148705
34 -7.445697 0.080723 0.111875 -7.765321 0.103617 -6.800042 0.200177 -7.403376 0.152828 -7.610406 0.145957
35 -7.453818 0.079708 0.096402 -7.772553 0.102623 -6.814573 0.241360 -7.414441 0.151589 -7.603601 0.143515
36 -7.450915 0.080252 0.091745 -7.779583 0.102020 -6.810969 0.208374 -7.425156 0.150379 -7.590443 0.143204
37 -7.471207 0.079284 0.095378 -7.802381 0.098840 -6.832364 0.194098 -7.439274 0.150444 -7.590775 0.139202
38 -7.472649 0.080512 0.095682 -7.820457 0.109066 -6.825966 0.198241 -7.452411 0.150282 -7.577872 0.139067
39 -7.490502 0.078759 0.093651 -7.831478 0.084027 -6.850230 0.167746 -7.463796 0.149642 -7.583736 0.134255
40 -7.497488 0.076182 0.090151 -7.826772 0.085584 -6.872445 0.183070 -7.467682 0.146859 -7.588148 0.129966
41 -7.515128 0.072787 0.094495 -7.825443 0.079531 -6.909665 0.209431 -7.473528 0.144762 -7.628798 0.124751
42 -7.511837 0.070557 0.095665 -7.813991 0.103452 -6.923375 0.190489 -7.470107 0.140507 -7.625757 0.122405
43 -7.535299 0.067691 0.074598 -7.820747 0.095367 -6.964516 0.189119 -7.479257 0.139627 -7.691147 0.123724
44 -7.542358 0.065745 0.080179 -7.818776 0.087798 -6.983363 0.179757 -7.483988 0.137586 -7.693688 0.120392
45 -7.547444 0.064094 0.074733 -7.816787 0.082431 -6.999142 0.145724 -7.488473 0.135584 -7.693681 0.117688
46 -7.552000 0.063175 0.081000 -7.818885 0.079162 -7.010078 0.188535 -7.495115 0.134256 -7.690111 0.115848
47 -7.549220 0.064508 0.087049 -7.831216 0.079316 -6.995632 0.178794 -7.505095 0.133964 -7.678614 0.116145
48 -7.539702 0.065015 0.087156 -7.830536 0.070854 -6.981987 0.162635 -7.509943 0.132304 -7.667406 0.116408
49 -7.552070 0.064731 0.073079 -7.847297 0.070428 -6.993677 0.165380 -7.520409 0.132293 -7.665308 0.114429
50 -7.545926 0.065601 0.067753 -7.852345 0.084146 -6.978274 0.149320 -7.527866 0.131466 -7.654347 0.114732
51 -7.554758 0.065132 0.082664 -7.862022 0.074224 -6.988641 0.169483 -7.536656 0.131076 -7.651781 0.112975
52 -7.550654 0.065930 0.072383 -7.868753 0.075812 -6.976548 0.141085 -7.544479 0.130466 -7.641542 0.113172
53 -7.543304 0.066625 0.076103 -7.871533 0.074158 -6.959455 0.154358 -7.550660 0.129463 -7.631008 0.113494
54 -7.534117 0.067459 0.071845 -7.873766 0.061672 -6.927636 0.146402 -7.556464 0.128419 -7.620068 0.113971
55 -7.540867 0.067135 0.060254 -7.882524 0.071643 -6.935432 0.167946 -7.564519 0.128034 -7.616182 0.112679
56 -7.551936 0.065598 0.074857 -7.884781 0.063145 -6.954772 0.139193 -7.570140 0.127044 -7.626352 0.109243
57 -7.547139 0.065359 0.073224 -7.882765 0.066747 -6.953349 0.147554 -7.573125 0.125457 -7.618805 0.108942
58 -7.558952 0.064630 0.071410 -7.893305 0.073663 -6.967262 0.140191 -7.581266 0.125239 -7.621552 0.106590
59 -7.556950 0.065296 0.063030 -7.901624 0.071426 -6.957938 0.132765 -7.588789 0.124891 -7.612723 0.106702
60 -7.564033 0.064908 0.068345 -7.909745 0.067525 -6.966252 0.145668 -7.596175 0.124544 -7.610432 0.105338
61 -7.567425 0.064135 0.071826 -7.910430 0.060652 -6.974882 0.143091 -7.600579 0.123473 -7.608677 0.103917
62 -7.576819 0.063202 0.070198 -7.915410 0.065781 -6.988745 0.143673 -7.606821 0.122904 -7.613087 0.101569
63 -7.570240 0.062408 0.060175 -7.907486 0.058922 -6.990522 0.138076 -7.603265 0.120270 -7.607606 0.101017
64 -7.584987 0.061558 0.059872 -7.920348 0.064721 -7.007853 0.129218 -7.611228 0.120235 -7.619438 0.098174
65 -7.585776 0.059728 0.065179 -7.910348 0.058473 -7.022850 0.145156 -7.604195 0.117191 -7.627083 0.095722
66 -7.595302 0.058616 0.068264 -7.913109 0.059568 -7.038659 0.129122 -7.609267 0.116500 -7.636839 0.093234
67 -7.604742 0.057815 0.060263 -7.918605 0.060056 -7.051927 0.135824 -7.615314 0.116077 -7.642407 0.091147
68 -7.606042 0.058128 0.057342 -7.926681 0.059542 -7.050219 0.123975 -7.622020 0.115847 -7.636288 0.090931
69 -7.613107 0.057580 0.055791 -7.931994 0.064794 -7.059852 0.128128 -7.627887 0.115435 -7.637505 0.089429
70 -7.614521 0.055792 0.069031 -7.921996 0.067675 -7.075663 0.131341 -7.619916 0.112542 -7.649554 0.087198
71 -7.603150 0.055877 0.062278 -7.916050 0.064581 -7.057098 0.119206 -7.618045 0.110614 -7.641454 0.087518
72 -7.601415 0.054992 0.067259 -7.910369 0.057865 -7.063413 0.119286 -7.616352 0.108771 -7.639833 0.086544
73 -7.606712 0.053595 0.062646 -7.906316 0.068093 -7.079245 0.136971 -7.616327 0.107266 -7.653100 0.084497
74 -7.604056 0.054061 0.058716 -7.911094 0.058959 -7.070847 0.119434 -7.621670 0.106894 -7.646088 0.084628
75 -7.592038 0.054020 0.061243 -7.903379 0.059757 -7.054197 0.121997 -7.616729 0.104704 -7.638463 0.084914
76 -7.595414 0.053369 0.063543 -7.903478 0.059856 -7.062230 0.107457 -7.619792 0.103895 -7.638817 0.083740
77 -7.599777 0.053120 0.049113 -7.908293 0.057067 -7.067727 0.129643 -7.624973 0.103562 -7.637058 0.082909
78 -7.604998 0.051830 0.056050 -7.904527 0.060873 -7.082979 0.109415 -7.624838 0.102203 -7.650891 0.081122
79 -7.601289 0.052540 0.049469 -7.910900 0.047077 -7.061149 0.131194 -7.630382 0.101996 -7.643460 0.081438
80 -7.595717 0.053138 0.055542 -7.914067 0.056062 -7.022507 0.131140 -7.634807 0.101560 -7.635977 0.081776
81 -7.586741 0.053420 0.054390 -7.911402 0.056232 -6.992461 0.134260 -7.635550 0.100426 -7.628616 0.082098
82 -7.589797 0.052470 0.058525 -7.908335 0.062248 -7.003429 0.124357 -7.635841 0.099243 -7.632637 0.080646
83 -7.596821 0.051380 0.056726 -7.907301 0.050117 -7.019056 0.131835 -7.637775 0.098378 -7.647291 0.079070
84 -7.593078 0.052023 0.057930 -7.913062 0.053286 -6.995672 0.107186 -7.642889 0.098171 -7.640245 0.079369
85 -7.585599 0.051760 0.059032 -7.906907 0.051345 -6.992550 0.123648 -7.639192 0.096480 -7.634730 0.079352
86 -7.578521 0.051840 0.056135 -7.903980 0.055785 -6.983775 0.117294 -7.639376 0.095381 -7.628430 0.079510
87 -7.580256 0.051027 0.058033 -7.900626 0.054738 -6.992810 0.122921 -7.639056 0.094228 -7.630262 0.078371
88 -7.575378 0.051302 0.056859 -7.901259 0.052597 -6.983091 0.111465 -7.641858 0.093633 -7.624009 0.078544
89 -7.566444 0.051426 0.056330 -7.897124 0.047120 -6.965856 0.118201 -7.640521 0.092377 -7.617449 0.078792
90 -7.561887 0.051103 0.053571 -7.892683 0.044102 -6.966133 0.125757 -7.638727 0.091088 -7.613125 0.078599
91 -7.564541 0.050729 0.054234 -7.893881 0.052525 -6.971971 0.128586 -7.641722 0.090585 -7.611968 0.077890
92 -7.562395 0.051387 0.048984 -7.902847 0.048029 -6.943807 0.110181 -7.647163 0.090581 -7.605481 0.078154
93 -7.565120 0.051388 0.050715 -7.908484 0.050322 -6.946368 0.120170 -7.651859 0.090433 -7.602212 0.077804
94 -7.560917 0.051611 0.051410 -7.909247 0.051944 -6.938297 0.114052 -7.654551 0.089912 -7.596434 0.077938
95 -7.552617 0.051462 0.057822 -7.903151 0.053979 -6.931906 0.120648 -7.650030 0.088403 -7.590884 0.078034
96 -7.556118 0.050644 0.052921 -7.900668 0.048953 -6.942477 0.126975 -7.650181 0.087499 -7.595933 0.076730
97 -7.558766 0.050254 0.051230 -7.901463 0.053104 -6.948518 0.119250 -7.652785 0.087011 -7.595275 0.076022
98 -7.559579 0.049771 0.054332 -7.899706 0.044543 -6.954217 0.117187 -7.653518 0.086228 -7.594437 0.075352
99 -7.556326 0.049447 0.049029 -7.896005 0.053677 -6.955552 0.110161 -7.652174 0.085171 -7.590974 0.075102
100 -7.565020 0.048642 0.050359 -7.898018 0.058009 -6.970865 0.108050 -7.655318 0.084819 -7.611449 0.074604
101 -7.561943 0.048864 0.050356 -7.899684 0.048038 -6.964342 0.110288 -7.658266 0.084443 -7.606191 0.074703
102 -7.561392 0.048394 0.052302 -7.896747 0.040972 -6.969006 0.116322 -7.657668 0.083529 -7.604768 0.074157
103 -7.559194 0.048616 0.049050 -7.899298 0.044533 -6.963648 0.111239 -7.660971 0.083240 -7.599749 0.074226
104 -7.557405 0.049089 0.052001 -7.906074 0.044203 -6.950028 0.121964 -7.665542 0.083197 -7.594174 0.074411
105 -7.560491 0.048967 0.048916 -7.910217 0.044213 -6.953785 0.116692 -7.669404 0.083026 -7.592227 0.073965
106 -7.566193 0.048253 0.048914 -7.910066 0.048589 -6.965317 0.111544 -7.671173 0.082503 -7.601509 0.072718
107 -7.566691 0.048277 0.048619 -7.913089 0.053148 -6.965644 0.098907 -7.674585 0.082269 -7.597959 0.072553
108 -7.570011 0.048252 0.045643 -7.918999 0.043558 -6.968576 0.098201 -7.678852 0.082200 -7.595686 0.072188
109 -7.564693 0.048127 0.049975 -7.915220 0.043535 -6.965315 0.103089 -7.677028 0.081214 -7.591252 0.072194
110 -7.568988 0.047851 0.052451 -7.918526 0.049188 -6.971304 0.109548 -7.680483 0.081014 -7.591559 0.071499
111 -7.572660 0.047236 0.049974 -7.917381 0.040331 -6.980286 0.110338 -7.681395 0.080409 -7.596273 0.070450
112 -7.574054 0.047004 0.047196 -7.918155 0.042631 -6.983943 0.100151 -7.683624 0.080018 -7.594713 0.070019
113 -7.579128 0.046800 0.049663 -7.923442 0.043233 -6.989777 0.108490 -7.687607 0.079938 -7.595161 0.069346
114 -7.577576 0.046387 0.041561 -7.919810 0.046866 -6.993224 0.101261 -7.685787 0.079013 -7.593591 0.068934
115 -7.580893 0.046108 0.043631 -7.921832 0.045221 -6.998627 0.102400 -7.688607 0.078745 -7.593776 0.068311
116 -7.577997 0.045150 0.043278 -7.909849 0.046705 -7.006656 0.101673 -7.658733 0.079761 -7.597658 0.067391
117 -7.581426 0.045036 0.045710 -7.914128 0.040793 -7.010524 0.106600 -7.662396 0.079648 -7.596601 0.066940
118 -7.578078 0.045376 0.044660 -7.916895 0.042336 -6.982912 0.108331 -7.665541 0.079451 -7.591535 0.067129
119 -7.576233 0.045393 0.045654 -7.917287 0.046393 -6.981170 0.097892 -7.667515 0.079066 -7.587788 0.067088
120 -7.573143 0.045509 0.044105 -7.917632 0.038941 -6.975912 0.102597 -7.669438 0.078681 -7.583428 0.067158
121 -7.579637 0.045166 0.045675 -7.922257 0.043195 -6.984350 0.109728 -7.673106 0.078596 -7.588339 0.066235
122 -7.572332 0.045168 0.046356 -7.917874 0.040567 -6.971277 0.100025 -7.670110 0.077616 -7.583555 0.066393
123 -7.571148 0.045398 0.042288 -7.921684 0.041505 -6.966170 0.100149 -7.673509 0.077498 -7.579298 0.066460
124 -7.564989 0.045197 0.043976 -7.916104 0.041598 -6.963265 0.102578 -7.668219 0.076373 -7.575418 0.066467
125 -7.553564 0.044947 0.043502 -7.903252 0.048296 -6.946812 0.099550 -7.627811 0.080860 -7.570684 0.066628
126 -7.558181 0.044582 0.042510 -7.905115 0.044374 -6.954179 0.107558 -7.630538 0.080629 -7.573828 0.065824
127 -7.559111 0.044126 0.038104 -7.902695 0.042323 -6.960000 0.092592 -7.630273 0.079957 -7.574869 0.065198
128 -7.547962 0.043881 0.045927 -7.890062 0.048746 -6.945751 0.103590 -7.591773 0.083191 -7.570272 0.065351
129 -7.544874 0.043190 0.051729 -7.881016 0.044328 -6.951435 0.093015 -7.576742 0.081846 -7.571197 0.064748
130 -7.548843 0.042852 0.047387 -7.882367 0.047263 -6.958154 0.088548 -7.579283 0.081600 -7.573624 0.064033
131 -7.543168 0.042954 0.054330 -7.880341 0.044582 -6.943570 0.100597 -7.579562 0.081013 -7.569122 0.064183
132 -7.538750 0.043099 0.043904 -7.879812 0.048842 -6.932792 0.090434 -7.581014 0.080606 -7.564735 0.064317
133 -7.536020 0.043157 0.040257 -7.879740 0.039694 -6.929293 0.089632 -7.582740 0.080248 -7.560952 0.064349
134 -7.535432 0.043192 0.041075 -7.881382 0.045421 -6.928485 0.097158 -7.585325 0.080035 -7.557780 0.064287
135 -7.535002 0.043213 0.043941 -7.882981 0.047319 -6.928008 0.092829 -7.587876 0.079822 -7.554736 0.064208
