0.342 1 -0.000000 0.343000
0.346 1 -0.000000 0.347000
0.348 1 -0.000000 0.350000
0.350 4 -0.826455 0.351250
0.352 2 -0.413227 0.354000
0.354 1 -0.000000 0.355000
0.356 1 -0.000000 0.358000
0.358 5 -0.959484 0.359000
0.360 8 -1.239682 0.361625
0.362 3 -0.654950 0.363333
0.364 8 -1.239682 0.365750
0.366 10 -1.372712 0.367500
0.368 7 -1.160076 0.369714
0.370 6 -1.068178 0.371667
0.372 8 -1.239682 0.373500
0.374 12 -1.481405 0.375583
0.376 17 -1.689052 0.377412
0.378 16 -1.652910 0.379437
0.380 12 -1.481405 0.381583
0.382 16 -1.652910 0.383438
0.384 23 -1.869260 0.385478
0.386 16 -1.652910 0.387500
0.388 27 -1.964850 0.389444
0.390 24 -1.894632 0.391542
0.392 24 -1.894632 0.393542
0.394 26 -1.942351 0.395500
0.396 37 -2.152689 0.397568
0.398 31 -2.047210 0.399710
0.400 37 -2.152689 0.401568
0.402 44 -2.255987 0.403659
0.404 39 -2.184073 0.405462
0.406 48 -2.307860 0.407500
0.408 47 -2.295309 0.409553
0.410 40 -2.199167 0.411425
0.412 72 -2.549583 0.413500
0.414 65 -2.488608 0.415508
0.416 65 -2.488608 0.417477
0.418 76 -2.581815 0.419579
0.420 65 -2.488608 0.421600
0.422 68 -2.515507 0.423500
0.424 81 -2.619800 0.425432
0.426 74 -2.565917 0.427514
0.428 91 -2.689200 0.429560
0.430 105 -2.774511 0.431495
0.432 135 -2.924335 0.433548
0.434 95 -2.714845 0.435474
0.436 109 -2.796800 0.437440
0.438 123 -2.868838 0.439553
0.440 119 -2.849128 0.441445
0.442 152 -2.995043 0.443526
0.444 178 -3.089178 0.445506
0.446 176 -3.082442 0.447506
0.448 195 -3.143558 0.449497
0.450 190 -3.128072 0.451500
0.452 189 -3.124926 0.453545
0.454 252 -3.296431 0.455464
0.456 295 -3.390354 0.457502
0.458 296 -3.392372 0.459537
0.460 301 -3.402358 0.461485
0.462 357 -3.504078 0.463504
0.464 379 -3.539729 0.465454
0.466 357 -3.504078 0.467521
0.468 454 -3.647372 0.469502
0.470 473 -3.671814 0.471524
0.472 476 -3.675583 0.473498
0.474 546 -3.757377 0.475496
0.476 531 -3.740770 0.477495
0.478 641 -3.853008 0.479507
0.480 617 -3.830258 0.481511
0.482 745 -3.942643 0.483511
0.484 746 -3.943443 0.485493
0.486 824 -4.002728 0.487524
0.488 836 -4.011348 0.489511
0.490 923 -4.070368 0.491502
0.492 893 -4.050669 0.493506
0.494 1009 -4.123477 0.495495
0.496 1004 -4.120516 0.497517
0.498 1092 -4.170605 0.499495
0.500 1061 -4.153436 0.501509
0.502 1134 -4.193104 0.503525
0.504 1185 -4.219330 0.505514
0.506 1181 -4.217314 0.507486
0.508 1268 -4.259689 0.509499
0.510 1284 -4.267164 0.511489
0.512 1244 -4.248297 0.513520
0.514 1319 -4.283197 0.515501
0.516 1417 -4.325923 0.517490
0.518 1369 -4.305379 0.519500
0.520 1550 -4.379406 0.521495
0.522 1611 -4.402418 0.523483
0.524 1679 -4.427066 0.525504
0.526 1875 -4.492888 0.527519
0.528 2010 -4.534337 0.529504
0.530 2185 -4.584105 0.531507
0.532 2541 -4.674091 0.533505
0.534 2988 -4.770697 0.535523
0.536 3286 -4.827372 0.537502
0.538 3628 -4.886398 0.539509
0.540 4269 -4.983392 0.541518
0.542 4796 -5.052787 0.543522
0.544 5219 -5.103177 0.545525
0.546 5997 -5.186015 0.547509
0.548 6500 -5.234032 0.549520
0.550 7054 -5.282793 0.551508
0.552 7799 -5.342648 0.553508
0.554 8333 -5.382131 0.555510
0.556 8864 -5.418959 0.557501
0.558 9314 -5.448481 0.559496
0.560 9611 -5.467194 0.561492
0.562 9755 -5.476060 0.563503
0.564 9910 -5.485458 0.565503
0.566 9901 -5.484916 0.567498
0.568 9882 -5.483771 0.569500
0.570 9596 -5.466263 0.571497
0.572 9123 -5.436128 0.573503
0.574 8977 -5.426511 0.575488
0.576 8525 -5.395711 0.577489
0.578 8219 -5.373919 0.579505
0.580 7865 -5.347672 0.581506
0.582 7728 -5.337196 0.583504
0.584 7531 -5.321802 0.585494
0.586 7594 -5.326768 0.587488
0.588 7739 -5.338044 0.589504
0.590 8101 -5.365298 0.591503
0.592 8605 -5.401280 0.593500
0.594 9177 -5.439647 0.595510
0.596 9835 -5.480929 0.597503
0.598 10466 -5.518001 0.599503
0.600 11396 -5.568753 0.601504
0.602 11672 -5.583019 0.603505
0.604 11780 -5.588510 0.605495
0.606 11788 -5.588915 0.607490
0.608 11428 -5.570424 0.609494
0.610 10760 -5.534517 0.611493
0.612 9886 -5.484013 0.613487
0.614 9030 -5.430020 0.615488
0.616 8118 -5.366547 0.617492
0.618 7749 -5.338814 0.619492
0.620 7518 -5.320772 0.621501
0.622 8328 -5.381773 0.623522
0.624 9576 -5.465019 0.625529
0.626 12634 -5.630234 0.627533
0.628 17318 -5.818237 0.629542
0.630 23709 -6.005496 0.631542
0.632 32634 -6.195969 0.633534
0.634 42037 -6.346915 0.635528
0.636 51909 -6.472670 0.637518
0.638 59893 -6.557961 0.639515
0.640 64836 -6.605238 0.641502
0.642 63677 -6.594484 0.643497
0.644 58280 -6.541686 0.645482
0.646 48687 -6.434468 0.647471
0.648 37348 -6.276406 0.649457
0.650 25548 -6.050032 0.651453
0.652 16124 -5.775648 0.653430
0.654 9159 -5.438476 0.655423
0.656 4661 -5.035765 0.657397
0.658 2073 -4.552736 0.659402
0.660 819 -3.999100 0.661377
0.662 309 -3.417996 0.663327
0.664 102 -2.757229 0.665353
0.666 34 -2.102279 0.667382
0.668 7 -1.160076 0.669429
0.670 1 -0.000000 0.671000
0.672 1 -0.000000 0.674000
