# 1num 2slvfe 3error 4boot 5lower 6boot 7upper 8boot 9explow 10errlow 11expupp 12 errupp
1 -6.447025 0.752022 0.000000 -7.014650 0.000000 -5.879400 0.000000 -7.014650 nan -5.879400 nan
2 -6.572974 0.676460 0.143450 -7.404220 0.280595 -5.811285 0.047798 -7.285080 0.342195 -5.815168 0.067820
3 -6.337291 0.469810 0.162724 -7.085553 0.318115 -5.698557 0.104777 -6.864896 0.316952 -5.721402 0.111403
4 -6.477151 0.465625 0.229937 -7.956310 0.698261 -5.729427 0.075360 -7.036002 0.358408 -5.748199 0.079740
5 -6.556012 0.351459 0.181688 -7.743122 0.686757 -5.906646 0.187511 -7.003891 0.264915 -6.049180 0.239249
6 -6.719679 0.327956 0.261511 -8.032790 0.602556 -6.028377 0.172167 -7.110717 0.283972 -6.196399 0.200759
7 -6.879378 0.308479 0.251058 -8.376609 0.635959 -6.149129 0.203482 -7.202242 0.296796 -6.353746 0.190018
8 -6.967198 0.307011 0.232943 -8.611170 0.625246 -6.189204 0.186174 -7.281339 0.305446 -6.369539 0.161014
9 -6.793190 0.252269 0.243287 -8.313748 0.596728 -6.137786 0.152730 -6.882276 0.321954 -6.324137 0.160336
10 -6.697786 0.219579 0.189628 -8.115006 0.568347 -6.120312 0.135494 -6.796835 0.261905 -6.296419 0.152890
11 -6.582029 0.183555 0.199576 -7.868749 0.538193 -6.107319 0.140047 -6.431389 0.301847 -6.273525 0.145591
12 -6.480134 0.168457 0.201092 -7.717310 0.534178 -6.006269 0.151063 -6.388677 0.259787 -6.226993 0.151626
13 -6.556033 0.169769 0.188910 -7.986277 0.527175 -6.046516 0.140338 -6.436380 0.263598 -6.256558 0.135825
14 -6.438818 0.152383 0.216448 -7.800106 0.533206 -5.946832 0.167700 -6.257989 0.237710 -6.215472 0.141277
15 -6.384414 0.137976 0.200952 -7.671581 0.456795 -5.943133 0.147520 -6.222879 0.211407 -6.198566 0.136387
16 -6.377924 0.132846 0.175586 -7.606474 0.514969 -5.946171 0.153963 -6.241604 0.204948 -6.187542 0.130435
17 -6.408344 0.136316 0.163728 -7.639705 0.418892 -5.946601 0.133165 -6.276284 0.207147 -6.176045 0.125446
18 -6.425069 0.142272 0.184683 -7.756479 0.461642 -5.917773 0.127458 -6.310255 0.209686 -6.151881 0.125609
19 -6.413998 0.138992 0.170878 -7.704479 0.489652 -5.909589 0.123825 -6.327326 0.204839 -6.136634 0.122866
20 -6.427423 0.143758 0.151763 -7.808010 0.463322 -5.881312 0.120699 -6.357809 0.206899 -6.114300 0.123132
21 -6.458888 0.145678 0.158727 -7.916477 0.447165 -5.888163 0.125352 -6.386838 0.208751 -6.110345 0.117968
22 -6.410441 0.138699 0.136137 -7.832573 0.366304 -5.858216 0.125781 -6.368172 0.193774 -6.089053 0.118566
23 -6.437444 0.137583 0.134755 -7.824444 0.355924 -5.875140 0.102641 -6.391502 0.194011 -6.096891 0.112085
24 -6.402005 0.131382 0.135756 -7.753658 0.371324 -5.861575 0.101238 -6.377699 0.182012 -6.081779 0.111127
25 -6.413354 0.134498 0.126170 -7.866350 0.411309 -5.841064 0.116567 -6.402013 0.183533 -6.064663 0.111060
26 -6.431059 0.136549 0.128707 -8.001260 0.393150 -5.835461 0.110199 -6.425389 0.184928 -6.053980 0.109166
27 -6.388688 0.129150 0.133720 -7.917450 0.372246 -5.824607 0.098930 -6.379392 0.170578 -6.041124 0.108119
28 -6.341067 0.121206 0.140624 -7.822641 0.368756 -5.813504 0.090626 -6.272337 0.168727 -6.028490 0.107181
29 -6.341767 0.119490 0.121654 -7.789917 0.328872 -5.814376 0.085506 -6.285542 0.166986 -6.022860 0.104553
30 -6.321761 0.116258 0.123052 -7.740413 0.368114 -5.804195 0.089762 -6.286174 0.161496 -6.011268 0.103654
31 -6.332557 0.111638 0.110175 -7.701043 0.345691 -5.828516 0.091122 -6.292445 0.157977 -6.039487 0.099513
32 -6.313148 0.107885 0.129345 -7.651062 0.352207 -5.824505 0.082196 -6.285460 0.151339 -6.031346 0.098021
33 -6.293751 0.105190 0.129041 -7.607008 0.303619 -5.813711 0.079820 -6.282587 0.146004 -6.020203 0.097448
34 -6.267859 0.100900 0.120088 -7.550361 0.301669 -5.808122 0.091251 -6.252782 0.137838 -6.011623 0.096297
35 -6.286113 0.099913 0.096110 -7.542977 0.315728 -5.821972 0.077244 -6.267003 0.137826 -6.021804 0.092475
36 -6.267707 0.095919 0.113034 -7.493911 0.305927 -5.822903 0.082229 -6.246233 0.130958 -6.017759 0.090572
37 -6.278465 0.097568 0.113994 -7.580046 0.343899 -5.814805 0.074162 -6.262558 0.131947 -6.008606 0.089927
38 -6.256323 0.094045 0.108641 -7.530576 0.284585 -5.809964 0.071170 -6.238443 0.125580 -6.001197 0.088937
39 -6.260055 0.093940 0.084432 -7.518695 0.296380 -5.807455 0.069958 -6.250034 0.125268 -5.995294 0.087689
40 -6.258665 0.093953 0.091911 -7.504660 0.292065 -5.798618 0.073167 -6.260478 0.124700 -5.986334 0.087231
41 -6.272417 0.093298 0.087536 -7.499120 0.291360 -5.808225 0.061315 -6.272499 0.124690 -5.992311 0.084438
42 -6.268582 0.091449 0.095005 -7.473018 0.237396 -5.810716 0.064051 -6.275292 0.122288 -5.990537 0.082668
43 -6.258861 0.088462 0.091636 -7.437124 0.290401 -5.815593 0.072118 -6.264496 0.117755 -5.991249 0.080629
44 -6.266918 0.085555 0.081189 -7.412476 0.260839 -5.835076 0.068592 -6.266361 0.115423 -6.019527 0.080041
45 -6.272147 0.087107 0.092116 -7.467422 0.264010 -5.820287 0.074237 -6.279727 0.116176 -6.009377 0.080242
46 -6.287977 0.087568 0.089444 -7.527565 0.290184 -5.825625 0.066983 -6.292812 0.116895 -6.010662 0.078319
47 -6.281236 0.084458 0.071822 -7.492091 0.272872 -5.835007 0.060804 -6.279444 0.112623 -6.017425 0.076068
48 -6.298038 0.084761 0.091654 -7.538209 0.249049 -5.842355 0.069006 -6.291955 0.113298 -6.021517 0.074070
49 -6.276565 0.081828 0.076238 -7.491967 0.276440 -5.838380 0.060068 -6.239234 0.113412 -6.015821 0.073462
50 -6.292271 0.082215 0.093766 -7.544895 0.323829 -5.844506 0.069374 -6.251261 0.114034 -6.018691 0.071689
51 -6.302977 0.082987 0.089452 -7.606480 0.269541 -5.843691 0.058796 -6.263059 0.114631 -6.015130 0.070781
52 -6.297174 0.080183 0.074243 -7.572531 0.249289 -5.853202 0.062368 -6.251374 0.110829 -6.023323 0.068941
53 -6.298182 0.078992 0.081701 -7.553482 0.269790 -5.857980 0.060824 -6.255970 0.109656 -6.025004 0.067458
54 -6.303446 0.080114 0.081297 -7.618877 0.244827 -5.847799 0.063253 -6.267110 0.110211 -6.017231 0.067521
55 -6.283253 0.078890 0.081780 -7.587511 0.279030 -5.822648 0.064685 -6.257747 0.106907 -6.007107 0.068185
56 -6.301950 0.078834 0.094087 -7.662084 0.268903 -5.834459 0.065702 -6.268488 0.107438 -6.020015 0.066755
57 -6.292819 0.076916 0.078009 -7.631689 0.306901 -5.836632 0.068694 -6.260534 0.104437 -6.018985 0.065695
58 -6.281793 0.075863 0.076263 -7.606505 0.283181 -5.829622 0.056682 -6.258870 0.102348 -6.012498 0.065584
59 -6.293179 0.076315 0.078914 -7.652456 0.299784 -5.832248 0.067867 -6.269050 0.102844 -6.012036 0.064514
60 -6.282395 0.075279 0.086980 -7.627605 0.247304 -5.825585 0.055504 -6.267087 0.100802 -6.005826 0.064397
61 -6.272133 0.073098 0.072700 -7.594127 0.239852 -5.829445 0.057952 -6.246555 0.097883 -6.006774 0.063239
62 -6.262348 0.071257 0.068845 -7.563965 0.245001 -5.831407 0.056567 -6.233221 0.095080 -6.005916 0.062306
63 -6.254326 0.069473 0.075319 -7.535442 0.262864 -5.834635 0.054957 -6.222106 0.092489 -6.006384 0.061263
64 -6.247298 0.069067 0.066348 -7.518044 0.238638 -5.826447 0.061795 -6.224764 0.091478 -5.999934 0.061298
65 -6.260286 0.069283 0.072588 -7.552510 0.260828 -5.832482 0.057184 -6.233983 0.091933 -6.003988 0.060075
66 -6.272511 0.069474 0.081645 -7.570760 0.238150 -5.838082 0.057099 -6.242951 0.092345 -6.007537 0.058913
67 -6.270394 0.069742 0.075178 -7.562923 0.233607 -5.827961 0.058955 -6.249571 0.092213 -6.000748 0.059087
68 -6.265404 0.069728 0.078183 -7.550678 0.262394 -5.817260 0.067569 -6.254443 0.091723 -5.993877 0.059291
69 -6.263751 0.070099 0.068349 -7.545230 0.215960 -5.806037 0.056340 -6.261277 0.091684 -5.986950 0.059517
70 -6.272577 0.070422 0.073087 -7.562711 0.229931 -5.807802 0.059684 -6.269726 0.092048 -5.986168 0.058743
71 -6.255811 0.069025 0.067847 -7.532203 0.225789 -5.799251 0.056741 -6.242437 0.090694 -5.979988 0.058842
72 -6.263906 0.068600 0.079972 -7.526442 0.220389 -5.806273 0.061898 -6.248843 0.090621 -5.985956 0.057747
73 -6.269386 0.069179 0.062619 -7.561371 0.204663 -5.802494 0.057521 -6.257053 0.090986 -5.981577 0.057539
74 -6.274337 0.069765 0.077249 -7.592642 0.234356 -5.797946 0.059107 -6.265145 0.091339 -5.976895 0.057396
75 -6.264238 0.068804 0.065316 -7.571042 0.211250 -5.793328 0.059428 -6.260131 0.089497 -5.972221 0.057264
76 -6.259625 0.068716 0.077335 -7.559633 0.225288 -5.784429 0.050188 -6.264263 0.089023 -5.966215 0.057396
77 -6.261294 0.069471 0.072362 -7.591757 0.207827 -5.770919 0.058518 -6.272042 0.089357 -5.959431 0.057699
78 -6.257500 0.068189 0.073200 -7.571306 0.221005 -5.775496 0.055226 -6.267569 0.087658 -5.961923 0.056771
79 -6.252345 0.067599 0.070971 -7.555698 0.231931 -5.772818 0.054580 -6.268413 0.086668 -5.958236 0.056517
80 -6.254856 0.067501 0.071919 -7.549801 0.216596 -5.772896 0.059269 -6.273994 0.086564 -5.956298 0.056021
81 -6.260890 0.066719 0.064018 -7.539535 0.208033 -5.781528 0.052344 -6.277873 0.086135 -5.966337 0.055305
82 -6.254839 0.065110 0.064228 -7.514714 0.213557 -5.787385 0.045537 -6.258833 0.084508 -5.970983 0.054399
83 -6.261939 0.065417 0.064013 -7.545403 0.190156 -5.788033 0.054047 -6.266047 0.084811 -5.969576 0.053885
84 -6.258456 0.063912 0.063328 -7.523350 0.207568 -5.795295 0.048875 -6.254694 0.082980 -5.976994 0.053096
85 -6.252826 0.062859 0.068258 -7.504178 0.210281 -5.797212 0.047843 -6.248886 0.081408 -5.976777 0.052487
86 -6.243948 0.061949 0.064049 -7.484313 0.203892 -5.794805 0.052715 -6.241046 0.079786 -5.973460 0.052268
87 -6.251412 0.062213 0.064844 -7.523061 0.207306 -5.796299 0.050189 -6.247935 0.080081 -5.972923 0.051713
88 -6.241557 0.061012 0.069979 -7.499005 0.192113 -5.796103 0.054848 -6.227269 0.079120 -5.971039 0.051319
89 -6.234985 0.060146 0.055556 -7.480861 0.227401 -5.795777 0.048045 -6.222080 0.077720 -5.969095 0.050942
90 -6.237533 0.058368 0.061523 -7.459482 0.203472 -5.814392 0.056598 -6.208636 0.076305 -6.040329 0.080661
91 -6.242916 0.058120 0.064728 -7.454778 0.205254 -5.818757 0.054575 -6.213559 0.076248 -6.042505 0.079509
92 -6.234827 0.057835 0.060253 -7.441187 0.189037 -5.808401 0.051959 -6.213459 0.075402 -6.036900 0.079582
93 -6.234569 0.056766 0.063805 -7.425267 0.184285 -5.815564 0.051520 -6.210084 0.074242 -6.043805 0.078117
94 -6.238464 0.056788 0.055579 -7.423543 0.196346 -5.816421 0.053319 -6.215365 0.074291 -6.042412 0.077475
95 -6.239003 0.056788 0.051932 -7.418560 0.204632 -5.814367 0.054744 -6.219827 0.074192 -6.039224 0.077133
96 -6.237028 0.056237 0.060233 -7.406610 0.178830 -5.815667 0.052895 -6.220342 0.073481 -6.038264 0.076454
97 -6.225528 0.055481 0.062541 -7.386381 0.204628 -5.809154 0.052222 -6.204124 0.072554 -6.033566 0.076406
98 -6.223972 0.054977 0.057341 -7.375247 0.196527 -5.810480 0.049999 -6.204987 0.071919 -6.032674 0.075741
99 -6.217232 0.054317 0.059189 -7.359607 0.177100 -5.808714 0.056551 -6.199677 0.070755 -6.029739 0.075399
100 -6.216638 0.054222 0.058366 -7.353194 0.180773 -5.806768 0.045409 -6.203151 0.070539 -6.026738 0.075078
101 -6.210546 0.053745 0.052555 -7.339856 0.168301 -5.803583 0.047739 -6.200843 0.069606 -6.023204 0.074857
102 -6.218111 0.053898 0.056001 -7.373900 0.188238 -5.806435 0.042004 -6.206714 0.069852 -6.023947 0.074031
103 -6.212779 0.053046 0.052815 -7.357093 0.186797 -5.808141 0.050179 -6.197666 0.068717 -6.023555 0.073358
104 -6.205951 0.052259 0.053255 -7.339897 0.173694 -5.807953 0.043486 -6.187030 0.067676 -6.021684 0.072902
105 -6.203447 0.051899 0.054908 -7.329811 0.193336 -5.807290 0.050123 -6.187858 0.067127 -6.019533 0.072497
106 -6.192189 0.051251 0.052548 -7.310514 0.179689 -5.799831 0.050857 -6.168206 0.067176 -6.014937 0.072513
107 -6.190576 0.050796 0.049503 -7.300199 0.175250 -5.801044 0.047847 -6.168556 0.066585 -6.014193 0.071925
108 -6.189246 0.050873 0.055436 -7.295652 0.178231 -5.796148 0.049480 -6.172202 0.066471 -6.010251 0.071838
109 -6.191010 0.050223 0.049200 -7.285685 0.155957 -5.802109 0.047342 -6.172532 0.065896 -6.016109 0.070721
110 -6.184095 0.049441 0.052155 -7.268272 0.174734 -5.802181 0.042387 -6.157332 0.065396 -6.014524 0.070279
111 -6.184050 0.048981 0.051456 -7.259141 0.154486 -5.804922 0.045540 -6.158142 0.064897 -6.015418 0.069545
112 -6.187318 0.049357 0.046364 -7.292893 0.186187 -5.801512 0.047115 -6.163487 0.065116 -6.012056 0.069393
113 -6.181973 0.048546 0.053281 -7.276196 0.178252 -5.803385 0.042057 -6.150122 0.064475 -6.012067 0.068775
114 -6.178348 0.047970 0.050361 -7.263629 0.168002 -5.804388 0.050643 -6.146616 0.063629 -6.011300 0.068261
115 -6.179092 0.047786 0.048305 -7.257827 0.197321 -5.805165 0.045998 -6.149368 0.063425 -6.010372 0.067776
116 -6.186932 0.047770 0.050860 -7.264508 0.138258 -5.810193 0.048497 -6.154310 0.063593 -6.014905 0.066833
117 -6.195270 0.047803 0.048825 -7.284168 0.141698 -5.815156 0.046894 -6.159410 0.063795 -6.019367 0.065916
118 -6.195880 0.047582 0.053953 -7.277975 0.181955 -5.816268 0.043930 -6.161858 0.063559 -6.018784 0.065421
119 -6.203594 0.047644 0.051448 -7.298678 0.173767 -5.820433 0.043011 -6.166877 0.063755 -6.021958 0.064602
120 -6.210079 0.047778 0.053919 -7.322104 0.162248 -5.822877 0.041089 -6.171859 0.063948 -6.022783 0.063978
121 -6.206099 0.047521 0.056810 -7.312689 0.178715 -5.820006 0.039168 -6.171950 0.063427 -6.019816 0.063833
122 -6.207812 0.047761 0.056819 -7.315281 0.176546 -5.816633 0.035083 -6.176429 0.063539 -6.016674 0.063720
123 -6.205017 0.047383 0.051434 -7.305472 0.152636 -5.816541 0.042486 -6.175847 0.062962 -6.015225 0.063370
124 -6.212931 0.047410 0.039011 -7.332192 0.150718 -5.821250 0.039672 -6.180672 0.063145 -6.019576 0.062551
125 -6.214273 0.047814 0.054440 -7.363705 0.157490 -5.813838 0.044666 -6.185459 0.063326 -6.015515 0.062605
126 -6.209241 0.047265 0.049465 -7.350407 0.193905 -5.813751 0.040755 -6.179327 0.062477 -6.014094 0.062271
127 -6.205789 0.046531 0.050678 -7.335832 0.175027 -5.817015 0.041966 -6.169419 0.061748 -6.016121 0.061602
128 -6.208471 0.046448 0.042898 -7.332875 0.157836 -5.818623 0.043519 -6.172844 0.061713 -6.016173 0.061113
129 -6.211092 0.045986 0.050367 -7.325387 0.152846 -5.824189 0.044097 -6.174129 0.061378 -6.022582 0.060327
130 -6.210359 0.045949 0.044977 -7.320588 0.157464 -5.822095 0.042938 -6.176828 0.061240 -6.020073 0.060166
131 -6.207513 0.045612 0.048182 -7.311247 0.152354 -5.821748 0.041281 -6.176176 0.060708 -6.018546 0.059878
132 -6.207455 0.045159 0.049208 -7.302410 0.173778 -5.825064 0.042456 -6.175931 0.060222 -6.020790 0.059242
133 -6.202082 0.044664 0.044073 -7.289608 0.169004 -5.824304 0.038869 -6.168675 0.059483 -6.019030 0.058995
134 -6.203730 0.044789 0.049632 -7.289785 0.160212 -5.822611 0.038473 -6.172484 0.059539 -6.016770 0.058819
135 -6.197444 0.044433 0.048628 -7.278170 0.167573 -5.818871 0.041838 -6.167514 0.058814 -6.013713 0.058762
136 -6.199122 0.044772 0.047520 -7.301837 0.167962 -5.813570 0.041785 -6.171910 0.058978 -6.010263 0.058768
137 -6.197559 0.044063 0.045594 -7.288994 0.147768 -5.818568 0.042323 -6.163808 0.058313 -6.015754 0.058061
138 -6.197932 0.044150 0.045955 -7.287145 0.167837 -5.816048 0.042528 -6.167133 0.058308 -6.013160 0.057948
139 -6.198344 0.044174 0.049188 -7.284411 0.141997 -5.814475 0.040824 -6.170191 0.058266 -6.011003 0.057779
140 -6.202611 0.044124 0.045129 -7.284293 0.155833 -5.817192 0.040734 -6.173784 0.058309 -6.012539 0.057238
141 -6.202447 0.043921 0.047862 -7.278398 0.145523 -5.817904 0.038080 -6.175368 0.058070 -6.011917 0.056893
142 -6.197878 0.043571 0.044439 -7.268158 0.144489 -5.816334 0.037546 -6.172012 0.057433 -6.009801 0.056731
143 -6.198731 0.043264 0.043520 -7.261806 0.149354 -5.819098 0.043577 -6.173139 0.057149 -6.011478 0.056200
144 -6.202573 0.043448 0.042156 -7.280803 0.150536 -5.818853 0.042933 -6.177287 0.057299 -6.010162 0.055947
145 -6.205290 0.043688 0.045609 -7.300988 0.181227 -5.816667 0.040633 -6.181408 0.057446 -6.007799 0.055831
146 -6.201557 0.043259 0.039580 -7.290286 0.159641 -5.816998 0.039499 -6.176923 0.056799 -6.006928 0.055535
147 -6.203202 0.043546 0.047787 -7.305580 0.141730 -5.812496 0.039355 -6.180978 0.056942 -6.003837 0.055529
148 -6.202616 0.042790 0.043290 -7.292520 0.144466 -5.819553 0.041995 -6.169489 0.056632 -6.016521 0.055431
149 -6.207589 0.042898 0.049884 -7.310737 0.147950 -5.821174 0.040531 -6.173497 0.056772 -6.016831 0.055030
150 -6.212007 0.043033 0.050346 -7.332982 0.140313 -5.822008 0.036509 -6.177483 0.056912 -6.016388 0.054705
151 -6.209577 0.042715 0.039898 -7.324353 0.145211 -5.822293 0.038746 -6.176376 0.056439 -6.015502 0.054429
152 -6.209013 0.042710 0.049999 -7.320649 0.158753 -5.820169 0.043198 -6.178832 0.056352 -6.013226 0.054325
153 -6.213436 0.042835 0.039897 -7.345907 0.143160 -5.821134 0.040025 -6.182741 0.056487 -6.012940 0.053995
154 -6.210916 0.042472 0.044569 -7.336679 0.141544 -5.821931 0.035568 -6.180649 0.055961 -6.012517 0.053683
155 -6.215541 0.042581 0.044040 -7.365379 0.173926 -5.823258 0.035494 -6.184507 0.056094 -6.012615 0.053327
156 -6.213628 0.042334 0.046997 -7.357784 0.145999 -5.823204 0.036616 -6.184482 0.055731 -6.011535 0.053091
157 -6.213397 0.041944 0.040374 -7.349570 0.142684 -5.826287 0.040219 -6.183665 0.055305 -6.013968 0.052593
158 -6.216675 0.042113 0.040873 -7.366782 0.154870 -5.825686 0.037317 -6.187444 0.055433 -6.012542 0.052404
159 -6.217758 0.041853 0.045098 -7.360854 0.153725 -5.828383 0.036888 -6.188675 0.055211 -6.014417 0.051943
160 -6.214921 0.041383 0.042535 -7.349907 0.160916 -5.830300 0.040854 -6.182585 0.054644 -6.015253 0.051552
161 -6.213012 0.040941 0.041684 -7.340002 0.147526 -5.832699 0.035242 -6.178716 0.054090 -6.016737 0.051125
162 -6.209787 0.040593 0.044956 -7.330469 0.156903 -5.832869 0.034822 -6.175410 0.053559 -6.015887 0.050888
163 -6.211663 0.040391 0.042746 -7.325878 0.128825 -5.835647 0.035122 -6.177221 0.053423 -6.017976 0.050441
164 -6.217424 0.040423 0.046393 -7.340346 0.171607 -5.838916 0.038314 -6.180857 0.053545 -6.020914 0.049972
165 -6.221579 0.040525 0.039216 -7.350090 0.165286 -5.840016 0.036887 -6.184446 0.053662 -6.020911 0.049669
166 -6.222348 0.040605 0.047200 -7.349149 0.138254 -5.838165 0.035348 -6.187384 0.053682 -6.018900 0.049576
167 -6.223688 0.040566 0.046174 -7.346574 0.132655 -5.838570 0.033530 -6.189913 0.053646 -6.018282 0.049333
168 -6.224464 0.040582 0.048044 -7.344498 0.153025 -5.837717 0.035650 -6.192552 0.053628 -6.016796 0.049184
169 -6.229622 0.040618 0.044744 -7.353365 0.131624 -5.840425 0.034138 -6.196049 0.053738 -6.018893 0.048765
170 -6.224879 0.040222 0.043291 -7.342024 0.147546 -5.839993 0.037289 -6.186851 0.053389 -6.017683 0.048591
171 -6.226019 0.040274 0.040237 -7.341102 0.142466 -5.838994 0.034710 -6.189690 0.053405 -6.016138 0.048456
172 -6.230524 0.040350 0.046481 -7.356392 0.149694 -5.840701 0.032881 -6.193160 0.053517 -6.016886 0.048119
173 -6.232163 0.040564 0.039950 -7.372736 0.150204 -5.837458 0.038159 -6.196612 0.053627 -6.014435 0.048100
174 -6.230408 0.040263 0.047229 -7.364881 0.161504 -5.838523 0.036696 -6.195323 0.053218 -6.014484 0.047819
175 -6.230427 0.040204 0.041437 -7.361173 0.140826 -5.838019 0.033596 -6.197310 0.053127 -6.013263 0.047658
176 -6.235235 0.040257 0.045183 -7.377577 0.131459 -5.840264 0.035247 -6.200703 0.053235 -6.014772 0.047290
177 -6.236036 0.039803 0.042577 -7.369342 0.132666 -5.845562 0.030462 -6.198681 0.052793 -6.023458 0.047138
178 -6.237546 0.039500 0.041267 -7.363429 0.147089 -5.849471 0.031757 -6.199284 0.052552 -6.028076 0.046737
179 -6.240747 0.039405 0.046197 -7.361681 0.144956 -5.852215 0.034767 -6.201821 0.052542 -6.030367 0.046354
180 -6.241077 0.039385 0.045614 -7.358890 0.140382 -5.851517 0.031782 -6.204038 0.052491 -6.029043 0.046217
181 -6.235233 0.039136 0.043890 -7.349065 0.157094 -5.847260 0.032254 -6.197990 0.052022 -6.026415 0.046239
182 -6.239840 0.039190 0.039460 -7.365442 0.125468 -5.849354 0.032306 -6.201272 0.052125 -6.027734 0.045902
183 -6.237376 0.038796 0.043509 -7.355845 0.134008 -5.851164 0.034624 -6.195762 0.051655 -6.028685 0.045587
184 -6.232429 0.038608 0.042068 -7.347561 0.130996 -5.846940 0.035802 -6.193040 0.051211 -6.026093 0.045610
185 -6.228715 0.038368 0.040912 -7.339367 0.175883 -5.845552 0.034943 -6.190360 0.050776 -6.024419 0.045522
186 -6.231091 0.038524 0.040980 -7.359195 0.131150 -5.844295 0.034478 -6.193573 0.050877 -6.022816 0.045427
187 -6.228029 0.038137 0.038540 -7.349135 0.134310 -5.845595 0.030650 -6.186217 0.050515 -6.023180 0.045157
188 -6.225854 0.037861 0.037617 -7.341406 0.138175 -5.846245 0.032136 -6.184232 0.050118 -6.022899 0.044938
189 -6.222837 0.037601 0.040721 -7.333355 0.137291 -5.845940 0.036600 -6.181578 0.049702 -6.021873 0.044788
190 -6.224637 0.037569 0.039113 -7.331665 0.139171 -5.846833 0.033364 -6.183942 0.049692 -6.021840 0.044555
191 -6.226526 0.037178 0.040364 -7.324987 0.135591 -5.852860 0.030067 -6.183197 0.049375 -6.034628 0.045187
192 -6.225094 0.036839 0.042569 -7.316910 0.138992 -5.855015 0.030925 -6.180144 0.048961 -6.036103 0.044864
193 -6.226822 0.036891 0.042467 -7.317103 0.133325 -5.854745 0.031198 -6.182808 0.048998 -6.035102 0.044718
194 -6.229144 0.036806 0.035092 -7.315002 0.138397 -5.856794 0.030932 -6.184976 0.048970 -6.036451 0.044406
195 -6.227259 0.036722 0.038639 -7.310091 0.117159 -5.854948 0.031049 -6.185745 0.048788 -6.034627 0.044351
196 -6.224891 0.036314 0.045621 -7.300109 0.118684 -5.857268 0.033428 -6.176574 0.048656 -6.036407 0.044028
197 -6.222957 0.036216 0.039450 -7.295032 0.117956 -5.855646 0.030534 -6.177140 0.048457 -6.034689 0.043964
198 -6.221634 0.035925 0.041561 -7.287798 0.137592 -5.857371 0.033164 -6.175052 0.048089 -6.035633 0.043683
199 -6.216142 0.035669 0.035170 -7.277850 0.134286 -5.854359 0.033384 -6.165305 0.048053 -6.033446 0.043678
200 -6.216486 0.035269 0.036019 -7.270153 0.137551 -5.859157 0.029039 -6.162194 0.047665 -6.041449 0.043610
201 -6.216342 0.035195 0.037946 -7.266409 0.123403 -5.859157 0.031225 -6.163527 0.047552 -6.041449 0.043610
202 -6.217336 0.035194 0.042452 -7.264630 0.128367 -5.859157 0.035489 -6.165634 0.047530 -6.041449 0.043610
203 -6.215404 0.035007 0.038489 -7.258336 0.132576 -5.859157 0.029820 -6.164609 0.047225 -6.041449 0.043610
204 -6.211474 0.034694 0.039093 -7.248401 0.141826 -5.859157 0.031948 -6.153658 0.047397 -6.041449 0.043610
205 -6.208977 0.034474 0.038494 -7.241315 0.130970 -5.859157 0.031621 -6.151270 0.047037 -6.041449 0.043610
206 -6.210530 0.034511 0.043740 -7.240911 0.133217 -5.859157 0.033000 -6.153634 0.047054 -6.041449 0.043610
207 -6.208804 0.034341 0.038919 -7.235050 0.127604 -5.859157 0.034495 -6.152956 0.046777 -6.041449 0.043610
208 -6.211673 0.034460 0.038473 -7.251639 0.126926 -5.859157 0.032327 -6.155828 0.046865 -6.041449 0.043610
209 -6.208745 0.034216 0.042471 -7.243907 0.136942 -5.859157 0.037738 -6.151867 0.046499 -6.041449 0.043610
210 -6.205020 0.033923 0.041055 -7.234621 0.141121 -5.859157 0.036740 -6.142802 0.046458 -6.041449 0.043610
211 -6.202309 0.033695 0.039849 -7.227326 0.128780 -5.859157 0.030099 -6.139652 0.046101 -6.041449 0.043610
212 -6.200393 0.033518 0.039220 -7.221284 0.131902 -5.859157 0.031781 -6.138575 0.045813 -6.041449 0.043610
213 -6.198882 0.033367 0.040156 -7.215848 0.103046 -5.859157 0.031934 -6.138200 0.045570 -6.041449 0.043610
214 -6.201671 0.033483 0.037254 -7.232375 0.132158 -5.859157 0.029142 -6.140991 0.045656 -6.041449 0.043610
215 -6.198940 0.033257 0.036156 -7.225103 0.137191 -5.859157 0.038074 -6.137654 0.045311 -6.041449 0.043610
216 -6.198135 0.033151 0.037469 -7.220677 0.130408 -5.859157 0.033599 -6.138199 0.045146 -6.041449 0.043610
217 -6.196180 0.032975 0.037257 -7.214650 0.137802 -5.859157 0.033557 -6.136939 0.044860 -6.041449 0.043610
218 -6.195979 0.032908 0.035173 -7.211145 0.123731 -5.859157 0.031444 -6.138059 0.044752 -6.041449 0.043610
219 -6.198707 0.033021 0.040941 -7.232915 0.120559 -5.859157 0.031556 -6.140787 0.044835 -6.041449 0.043610
220 -6.197974 0.032922 0.038418 -7.228598 0.115432 -5.859157 0.034733 -6.141363 0.044677 -6.041449 0.043610
221 -6.200495 0.033021 0.037437 -7.233730 0.118280 -5.859157 0.036994 -6.144002 0.044750 -6.041449 0.043610
222 -6.199453 0.032904 0.034686 -7.229018 0.128631 -5.859157 0.034794 -6.144192 0.044563 -6.041449 0.043610
223 -6.198795 0.032810 0.039838 -7.224863 0.124379 -5.859157 0.034768 -6.144815 0.044413 -6.041449 0.043610
224 -6.194986 0.032526 0.037524 -7.215602 0.121687 -5.859157 0.033463 -6.133476 0.044812 -6.041449 0.043610
225 -6.192285 0.032310 0.039287 -7.208569 0.125865 -5.859157 0.033446 -6.130004 0.044488 -6.041449 0.043610
226 -6.193031 0.032303 0.037564 -7.206696 0.126748 -5.859157 0.031896 -6.131766 0.044457 -6.041449 0.043610
227 -6.192270 0.032206 0.038636 -7.202502 0.116770 -5.859157 0.029510 -6.132255 0.044300 -6.041449 0.043610
228 -6.191536 0.032111 0.041876 -7.198366 0.117929 -5.859157 0.033215 -6.132757 0.044145 -6.041449 0.043610
229 -6.193489 0.032177 0.037653 -7.199776 0.114910 -5.859157 0.034212 -6.135112 0.044189 -6.041449 0.043610
230 -6.194951 0.032214 0.035900 -7.199553 0.123918 -5.859157 0.025931 -6.137234 0.044204 -6.041449 0.043610
231 -6.193487 0.032076 0.040153 -7.194479 0.125907 -5.859157 0.032205 -6.136713 0.043977 -6.041449 0.043610
232 -6.195985 0.032175 0.039919 -7.201554 0.130132 -5.859157 0.031433 -6.139260 0.044049 -6.041449 0.043610
233 -6.197365 0.032207 0.042979 -7.201162 0.137810 -5.859157 0.032711 -6.141321 0.044060 -6.041449 0.043610
234 -6.199916 0.032307 0.037165 -7.217555 0.115125 -5.859157 0.034609 -6.143873 0.044133 -6.041449 0.043610
235 -6.199889 0.032256 0.035704 -7.214495 0.115613 -5.859157 0.034394 -6.145011 0.044044 -6.041449 0.043610
236 -6.195861 0.031969 0.039933 -7.204918 0.125464 -5.859157 0.033487 -6.129141 0.045486 -6.041449 0.043610
237 -6.195276 0.031885 0.037376 -7.201110 0.120400 -5.859157 0.031724 -6.129776 0.045346 -6.041449 0.043610
238 -6.197785 0.031984 0.037225 -7.218212 0.121922 -5.859157 0.034770 -6.132285 0.045415 -6.041449 0.043610
239 -6.200219 0.032078 0.034817 -7.225290 0.128470 -5.859157 0.027803 -6.134761 0.045481 -6.041449 0.043610
240 -6.202695 0.032173 0.033969 -7.236382 0.114078 -5.859157 0.032224 -6.137246 0.045548 -6.041449 0.043610
241 -6.202168 0.032094 0.038362 -7.232616 0.121150 -5.859157 0.035938 -6.137926 0.045416 -6.041449 0.043610
242 -6.204621 0.032188 0.042666 -7.243004 0.118278 -5.859157 0.032856 -6.140388 0.045482 -6.041449 0.043610
243 -6.203736 0.032088 0.035963 -7.238759 0.124008 -5.859157 0.032295 -6.140665 0.045316 -6.041449 0.043610
244 -6.206046 0.032173 0.038357 -7.243728 0.116063 -5.859157 0.033830 -6.143062 0.045376 -6.041449 0.043610
245 -6.205730 0.032107 0.039983 -7.240286 0.111463 -5.859157 0.033970 -6.143916 0.045263 -6.041449 0.043610
246 -6.205239 0.032031 0.041946 -7.236619 0.117795 -5.859157 0.028386 -6.144591 0.045135 -6.041449 0.043610
247 -6.204692 0.031952 0.037321 -7.232895 0.106328 -5.859157 0.034626 -6.145196 0.045001 -6.041449 0.043610
248 -6.203824 0.031855 0.043215 -7.228757 0.110177 -5.859157 0.033307 -6.145432 0.044838 -6.041449 0.043610
249 -6.201565 0.031679 0.036245 -7.222782 0.121262 -5.859157 0.033096 -6.143111 0.044544 -6.041449 0.043610
250 -6.198406 0.031453 0.041574 -7.215420 0.124274 -5.859157 0.033309 -6.136983 0.044333 -6.041449 0.043610
251 -6.195944 0.031267 0.037512 -7.209202 0.115490 -5.859157 0.029924 -6.134032 0.044037 -6.041449 0.043610
252 -6.194974 0.031167 0.039088 -7.205015 0.119672 -5.859157 0.033191 -6.134111 0.043867 -6.041449 0.043610
253 -6.195579 0.031156 0.038484 -7.203158 0.107959 -5.859157 0.030249 -6.135609 0.043829 -6.041449 0.043610
254 -6.197910 0.031244 0.036065 -7.212352 0.118119 -5.859157 0.035184 -6.137953 0.043891 -6.041449 0.043610
255 -6.198530 0.031234 0.036675 -7.210527 0.112428 -5.859157 0.028398 -6.139451 0.043854 -6.041449 0.043610
256 -6.200852 0.031320 0.034298 -7.220918 0.108219 -5.859157 0.030419 -6.141780 0.043916 -6.041449 0.043610
257 -6.202699 0.031380 0.032375 -7.222515 0.108097 -5.859157 0.032533 -6.143913 0.043953 -6.041449 0.043610
258 -6.201724 0.031281 0.032353 -7.218374 0.113645 -5.859157 0.030261 -6.143953 0.043786 -6.041449 0.043610
259 -6.199856 0.031132 0.035417 -7.213094 0.121157 -5.859157 0.031055 -6.142492 0.043534 -6.041449 0.043610
260 -6.197982 0.030983 0.039530 -7.207826 0.114351 -5.859157 0.031950 -6.141001 0.043283 -6.041449 0.043610
261 -6.199516 0.031026 0.040961 -7.208231 0.101998 -5.859157 0.033235 -6.142969 0.043305 -6.041449 0.043610
262 -6.199583 0.030986 0.038881 -7.205585 0.130215 -5.859157 0.032972 -6.144026 0.043229 -6.041449 0.043610
263 -6.198888 0.030905 0.040961 -7.201897 0.103203 -5.859157 0.030213 -6.144349 0.043088 -6.041449 0.043610
264 -6.197888 0.030806 0.033430 -7.197829 0.108893 -5.859157 0.031136 -6.144286 0.042920 -6.041449 0.043610
265 -6.199431 0.030849 0.035876 -7.198355 0.104788 -5.859157 0.035632 -6.146235 0.042943 -6.041449 0.043610
266 -6.199895 0.030833 0.040518 -7.196398 0.098094 -5.859157 0.029173 -6.147558 0.042896 -6.041449 0.043610
267 -6.201709 0.030890 0.039907 -7.198170 0.097745 -5.859157 0.033295 -6.149621 0.042933 -6.041449 0.043610
268 -6.199422 0.030723 0.044983 -7.192500 0.109817 -5.859157 0.032074 -6.146950 0.042665 -6.041449 0.043610
269 -6.197765 0.030590 0.036871 -7.187681 0.111291 -5.859157 0.030659 -6.145792 0.042439 -6.041449 0.043610
270 -6.195641 0.030432 0.036392 -7.182269 0.118993 -5.859157 0.032198 -6.143542 0.042182 -6.041449 0.043610
271 -6.194805 0.030345 0.037637 -7.178528 0.105164 -5.859157 0.033813 -6.143633 0.042033 -6.041449 0.043610
272 -6.195603 0.030348 0.043746 -7.177267 0.109225 -5.859157 0.029499 -6.145140 0.042011 -6.041449 0.043610
273 -6.193942 0.030217 0.040116 -7.172513 0.114540 -5.859157 0.031064 -6.143914 0.041789 -6.041449 0.043610
274 -6.192578 0.030103 0.034719 -7.168151 0.109390 -5.859157 0.035348 -6.143214 0.041593 -6.041449 0.043610
275 -6.194744 0.030181 0.039596 -7.178995 0.109094 -5.859157 0.032773 -6.145383 0.041649 -6.041449 0.043610
276 -6.195087 0.030160 0.036407 -7.176954 0.109282 -5.859157 0.032462 -6.146562 0.041597 -6.041449 0.043610
277 -6.197237 0.030236 0.035733 -7.187938 0.114065 -5.859157 0.031813 -6.148716 0.041653 -6.041449 0.043610
278 -6.194822 0.030066 0.038818 -7.182217 0.112632 -5.859157 0.032806 -6.145462 0.041404 -6.041449 0.043610
279 -6.194973 0.030035 0.041126 -7.179886 0.108256 -5.859157 0.031799 -6.146482 0.041339 -6.041449 0.043610
280 -6.192320 0.029853 0.037085 -7.173858 0.111607 -5.859157 0.030619 -6.142247 0.041116 -6.041449 0.043610
281 -6.193036 0.029853 0.039223 -7.172509 0.102537 -5.859157 0.035929 -6.143660 0.041091 -6.041449 0.043610
282 -6.194218 0.029878 0.038777 -7.172204 0.118679 -5.859157 0.026098 -6.145341 0.041096 -6.041449 0.043610
283 -6.196323 0.029952 0.039180 -7.183175 0.110011 -5.859157 0.037274 -6.147450 0.041149 -6.041449 0.043610
284 -6.193643 0.029771 0.035396 -7.177162 0.116880 -5.859157 0.033061 -6.143085 0.040937 -6.041449 0.043610
285 -6.194122 0.029758 0.039075 -7.175409 0.118638 -5.859157 0.029299 -6.144325 0.040897 -6.041449 0.043610
286 -6.191189 0.029564 0.039255 -7.169047 0.104436 -5.859157 0.029643 -6.138615 0.040763 -6.041449 0.043610
287 -6.191117 0.029523 0.036191 -7.166477 0.098111 -5.859157 0.036209 -6.139422 0.040684 -6.041449 0.043610
288 -6.193188 0.029596 0.040468 -7.178481 0.123699 -5.859157 0.030836 -6.141495 0.040736 -6.041449 0.043610
289 -6.193700 0.029585 0.032874 -7.176806 0.106267 -5.859157 0.031189 -6.142743 0.040699 -6.041449 0.043610
290 -6.192978 0.029510 0.043027 -7.173379 0.111282 -5.859157 0.034258 -6.142877 0.040568 -6.041449 0.043610
291 -6.192583 0.029452 0.042050 -7.170386 0.110146 -5.859157 0.033776 -6.143358 0.040464 -6.041449 0.043610
292 -6.192693 0.029421 0.036363 -7.168109 0.111365 -5.859157 0.031414 -6.144288 0.040399 -6.041449 0.043610
293 -6.193960 0.029451 0.036940 -7.168157 0.120583 -5.859157 0.033364 -6.145968 0.040409 -6.041449 0.043610
294 -6.192421 0.029334 0.037673 -7.163781 0.103192 -5.859157 0.030358 -6.144839 0.040211 -6.041449 0.043610
295 -6.191873 0.029269 0.041422 -7.160643 0.113849 -5.859157 0.037199 -6.145131 0.040096 -6.041449 0.043610
296 -6.193294 0.029308 0.035255 -7.161256 0.104176 -5.859157 0.029797 -6.146877 0.040115 -6.041449 0.043610
297 -6.194063 0.029312 0.038665 -7.160158 0.098382 -5.859157 0.029348 -6.148254 0.040096 -6.041449 0.043610
298 -6.194150 0.029280 0.037588 -7.157922 0.111128 -5.859157 0.033082 -6.149134 0.040030 -6.041449 0.043610
299 -6.194813 0.029279 0.041753 -7.156643 0.100190 -5.859157 0.030074 -6.150432 0.040004 -6.041449 0.043610
300 -6.193792 0.029191 0.036561 -7.152983 0.107343 -5.859157 0.031615 -6.150101 0.039850 -6.041449 0.043610
301 -6.195722 0.029255 0.035153 -7.158511 0.104887 -5.859157 0.033010 -6.152063 0.039896 -6.041449 0.043610
302 -6.196361 0.029253 0.035652 -7.157211 0.095545 -5.859157 0.034304 -6.153333 0.039869 -6.041449 0.043610
303 -6.195215 0.029158 0.038689 -7.153428 0.092885 -5.859157 0.031856 -6.152802 0.039705 -6.041449 0.043610
304 -6.192307 0.028974 0.040502 -7.147374 0.105361 -5.859157 0.029834 -6.146772 0.039633 -6.041449 0.043610
305 -6.194205 0.029036 0.035999 -7.152557 0.108806 -5.859157 0.030922 -6.148704 0.039678 -6.041449 0.043610
306 -6.190945 0.028834 0.041051 -7.145944 0.102582 -5.859157 0.032683 -6.139939 0.039931 -6.041449 0.043610
307 -6.192685 0.028889 0.039678 -7.148669 0.097838 -5.859157 0.032584 -6.141796 0.039968 -6.041449 0.043610
308 -6.191955 0.028818 0.032591 -7.145448 0.101067 -5.859157 0.027363 -6.141843 0.039841 -6.041449 0.043610
309 -6.190057 0.028687 0.040213 -7.140840 0.105631 -5.859157 0.029888 -6.139872 0.039630 -6.041449 0.043610
310 -6.191982 0.028751 0.037812 -7.153609 0.107499 -5.859157 0.030181 -6.141798 0.039676 -6.041449 0.043610
311 -6.193900 0.028815 0.041545 -7.164736 0.098309 -5.859157 0.033901 -6.143717 0.039723 -6.041449 0.043610
312 -6.194172 0.028795 0.036470 -7.162853 0.095760 -5.859157 0.029820 -6.144705 0.039673 -6.041449 0.043610
313 -6.191966 0.028650 0.037018 -7.157859 0.106258 -5.859157 0.030684 -6.141865 0.039460 -6.041449 0.043610
314 -6.192058 0.028621 0.036235 -7.155729 0.098281 -5.859157 0.029436 -6.142703 0.039399 -6.041449 0.043610
315 -6.190860 0.028528 0.035123 -7.151973 0.110407 -5.859157 0.027066 -6.142079 0.039237 -6.041449 0.043610
316 -6.189025 0.028402 0.040305 -7.147477 0.092403 -5.859157 0.033499 -6.140210 0.039035 -6.041449 0.043610
317 -6.189046 0.028370 0.035803 -7.145278 0.096354 -5.859157 0.032131 -6.140974 0.038969 -6.041449 0.043610
318 -6.190922 0.028432 0.037935 -7.157298 0.109090 -5.859157 0.036239 -6.142851 0.039014 -6.041449 0.043610
319 -6.192793 0.028494 0.035756 -7.169573 0.095903 -5.859157 0.028826 -6.144722 0.039059 -6.041449 0.043610
320 -6.194647 0.028554 0.039559 -7.177379 0.097923 -5.859157 0.039594 -6.146583 0.039103 -6.041449 0.043610
321 -6.194157 0.028497 0.032362 -7.174460 0.094740 -5.859157 0.034372 -6.146853 0.038999 -6.041449 0.043610
322 -6.195885 0.028551 0.036569 -7.177779 0.096057 -5.859157 0.033102 -6.148653 0.039037 -6.041449 0.043610
323 -6.197705 0.028610 0.042439 -7.183874 0.088043 -5.859157 0.034064 -6.150489 0.039080 -6.041449 0.043610
324 -6.198690 0.028626 0.036278 -7.183381 0.107524 -5.859157 0.035607 -6.151906 0.039077 -6.041449 0.043610
325 -6.200520 0.028685 0.040903 -7.191804 0.097192 -5.859157 0.033434 -6.153740 0.039120 -6.041449 0.043610
326 -6.197879 0.028521 0.033619 -7.186327 0.106782 -5.859157 0.038851 -6.149178 0.038968 -6.041449 0.043610
327 -6.196077 0.028400 0.035814 -7.181906 0.100641 -5.859157 0.032266 -6.147387 0.038774 -6.041449 0.043610
328 -6.197400 0.028434 0.041350 -7.182496 0.097015 -5.859157 0.032086 -6.148975 0.038791 -6.041449 0.043610
329 -6.194677 0.028268 0.036856 -7.176952 0.085155 -5.859157 0.029344 -6.143983 0.038671 -6.041449 0.043610
330 -6.193688 0.028187 0.039094 -7.173505 0.096150 -5.859157 0.032532 -6.143637 0.038533 -6.041449 0.043610
331 -6.194337 0.028188 0.034258 -7.172347 0.093347 -5.859157 0.029412 -6.144830 0.038512 -6.041449 0.043610
332 -6.193063 0.028094 0.034209 -7.168596 0.099601 -5.859157 0.034531 -6.144039 0.038353 -6.041449 0.043610
333 -6.194109 0.028115 0.038808 -7.168356 0.090139 -5.859157 0.032258 -6.145464 0.038356 -6.041449 0.043610
334 -6.195894 0.028172 0.040403 -7.178973 0.109680 -5.859157 0.026003 -6.147251 0.038397 -6.041449 0.043610
335 -6.197340 0.028211 0.041612 -7.180245 0.088899 -5.859157 0.029554 -6.148879 0.038422 -6.041449 0.043610
336 -6.194591 0.028046 0.039735 -7.174744 0.083624 -5.859157 0.029707 -6.143693 0.038325 -6.041449 0.043610
337 -6.191530 0.027867 0.040392 -7.168801 0.099113 -5.859157 0.033163 -6.136477 0.038427 -6.041449 0.043610
338 -6.191105 0.027816 0.036789 -7.166090 0.084340 -5.859157 0.032380 -6.136788 0.038334 -6.041449 0.043610
339 -6.192866 0.027871 0.036118 -7.178622 0.091912 -5.859157 0.034057 -6.138549 0.038374 -6.041449 0.043610
340 -6.192757 0.027836 0.038718 -7.176305 0.105001 -5.859157 0.033024 -6.139154 0.038305 -6.041449 0.043610
341 -6.194506 0.027891 0.037060 -7.186366 0.105163 -5.859157 0.029574 -6.140904 0.038345 -6.041449 0.043610
342 -6.195242 0.027897 0.035648 -7.185409 0.091070 -5.859157 0.032148 -6.142126 0.038331 -6.041449 0.043610
343 -6.194529 0.027832 0.038108 -7.182347 0.092157 -5.859157 0.030730 -6.142106 0.038217 -6.041449 0.043610
344 -6.196238 0.027885 0.039014 -7.187988 0.088765 -5.859157 0.033477 -6.143830 0.038255 -6.041449 0.043610
345 -6.193371 0.027717 0.038333 -7.182393 0.099618 -5.859157 0.031176 -6.137951 0.038220 -6.041449 0.043610
346 -6.193461 0.027692 0.033446 -7.180375 0.104130 -5.859157 0.032972 -6.138710 0.038166 -6.041449 0.043610
347 -6.190772 0.027534 0.045304 -7.175056 0.087094 -5.859157 0.030025 -6.133827 0.038057 -6.041449 0.043610
348 -6.189387 0.027438 0.041422 -7.171284 0.102270 -5.859157 0.030946 -6.132842 0.037898 -6.041449 0.043610
349 -6.190126 0.027445 0.042321 -7.170397 0.089100 -5.859157 0.032067 -6.134048 0.037885 -6.041449 0.043610
350 -6.191821 0.027497 0.039920 -7.177566 0.099536 -5.859157 0.029539 -6.135749 0.037923 -6.041449 0.043610
351 -6.193153 0.027532 0.039006 -7.178491 0.098688 -5.859157 0.035189 -6.137278 0.037943 -6.041449 0.043610
352 -6.191214 0.027411 0.037943 -7.174135 0.092289 -5.859157 0.027503 -6.135109 0.037759 -6.041449 0.043610
353 -6.192904 0.027463 0.034542 -7.185545 0.091368 -5.859157 0.030776 -6.136800 0.037797 -6.041449 0.043610
354 -6.193417 0.027459 0.038551 -7.184225 0.088513 -5.859157 0.031620 -6.137850 0.037771 -6.041449 0.043610
355 -6.193787 0.027448 0.037023 -7.182670 0.094326 -5.859157 0.035087 -6.138798 0.037736 -6.041449 0.043610
356 -6.195458 0.027499 0.035423 -7.190778 0.091010 -5.859157 0.029001 -6.140472 0.037773 -6.041449 0.043610
357 -6.194912 0.027445 0.033615 -7.187982 0.106974 -5.859157 0.036566 -6.140612 0.037677 -6.041449 0.043610
358 -6.192446 0.027300 0.038386 -7.183038 0.086236 -5.859157 0.032645 -6.136695 0.037529 -6.041449 0.043610
359 -6.194108 0.027351 0.038712 -7.194499 0.103586 -5.859157 0.030881 -6.138358 0.037566 -6.041449 0.043610
360 -6.194757 0.027353 0.038705 -7.193442 0.099507 -5.859157 0.032299 -6.139481 0.037549 -6.041449 0.043610
361 -6.193362 0.027260 0.040507 -7.189716 0.090124 -5.859157 0.034278 -6.138442 0.037394 -6.041449 0.043610
362 -6.192268 0.027181 0.035886 -7.186327 0.089015 -5.859157 0.032727 -6.137879 0.037259 -6.041449 0.043610
363 -6.192984 0.027187 0.037902 -7.185433 0.087650 -5.859157 0.031619 -6.139035 0.037246 -6.041449 0.043610
364 -6.192290 0.027127 0.039507 -7.182508 0.094934 -5.859157 0.037165 -6.138984 0.037141 -6.041449 0.043610
365 -6.188562 0.026925 0.034332 -7.175540 0.096767 -5.859157 0.032227 -6.120681 0.040188 -6.041449 0.043610
366 -6.188938 0.026916 0.040406 -7.174055 0.102980 -5.859157 0.033645 -6.121620 0.040152 -6.041449 0.043610
367 -6.190118 0.026944 0.040795 -7.174506 0.087310 -5.859157 0.030794 -6.123035 0.040163 -6.041449 0.043610
368 -6.188706 0.026851 0.041220 -7.170844 0.086460 -5.859157 0.030014 -6.121994 0.039997 -6.041449 0.043610
369 -6.186067 0.026701 0.044063 -7.165803 0.111172 -5.859157 0.029918 -6.117326 0.039850 -6.041449 0.043610
370 -6.186961 0.026717 0.037214 -7.165394 0.094663 -5.859157 0.031865 -6.118581 0.039846 -6.041449 0.043610
371 -6.188511 0.026762 0.036668 -7.169182 0.099977 -5.859157 0.029811 -6.120164 0.039875 -6.041449 0.043610
372 -6.185678 0.026604 0.036768 -7.163922 0.091519 -5.859157 0.035783 -6.114449 0.039797 -6.041449 0.043610
373 -6.185796 0.026584 0.042682 -7.162100 0.097235 -5.859157 0.031029 -6.115188 0.039746 -6.041449 0.043610
374 -6.185782 0.026557 0.041792 -7.160101 0.090661 -5.859157 0.029545 -6.115818 0.039687 -6.041449 0.043610
375 -6.184237 0.026460 0.040464 -7.156367 0.094062 -5.859157 0.033155 -6.114521 0.039516 -6.041449 0.043610
376 -6.183609 0.026405 0.039074 -7.153632 0.093215 -5.859157 0.030474 -6.114556 0.039413 -6.041449 0.043610
377 -6.181901 0.026301 0.039505 -7.149745 0.094993 -5.859157 0.032576 -6.112907 0.039234 -6.041449 0.043610
378 -6.183397 0.026344 0.042982 -7.152916 0.094073 -5.859157 0.031322 -6.114449 0.039262 -6.041449 0.043610
379 -6.180469 0.026184 0.038459 -7.147601 0.099243 -5.859157 0.030301 -6.107972 0.039267 -6.041449 0.043610
380 -6.179994 0.026137 0.043116 -7.145075 0.074742 -5.859157 0.031732 -6.108169 0.039177 -6.041449 0.043610
381 -6.181195 0.026167 0.040278 -7.145805 0.085958 -5.859157 0.033420 -6.109563 0.039191 -6.041449 0.043610
382 -6.180093 0.026091 0.043283 -7.142603 0.078658 -5.859157 0.028847 -6.108987 0.039054 -6.041449 0.043610
383 -6.179658 0.026047 0.037249 -7.140147 0.086718 -5.859157 0.031512 -6.109212 0.038968 -6.041449 0.043610
384 -6.181211 0.026093 0.040107 -7.149878 0.098717 -5.859157 0.029523 -6.110766 0.038999 -6.041449 0.043610
385 -6.181221 0.026069 0.039828 -7.147975 0.109732 -5.859157 0.030132 -6.111389 0.038943 -6.041449 0.043610
386 -6.181775 0.026069 0.038031 -7.146936 0.091582 -5.859157 0.034056 -6.112403 0.038921 -6.041449 0.043610
387 -6.182125 0.026061 0.029602 -7.145550 0.083608 -5.859157 0.029887 -6.113276 0.038887 -6.041449 0.043610
388 -6.181879 0.026025 0.036368 -7.143340 0.096650 -5.859157 0.030847 -6.113667 0.038814 -6.041449 0.043610
389 -6.178894 0.025865 0.038530 -7.138039 0.085901 -5.859157 0.032594 -6.106580 0.038900 -6.041449 0.043610
390 -6.176892 0.025750 0.041192 -7.133948 0.084983 -5.859157 0.033492 -6.104175 0.038718 -6.041449 0.043610
391 -6.176233 0.025696 0.037186 -7.131283 0.079965 -5.859157 0.032579 -6.104144 0.038617 -6.041449 0.043610
392 -6.176187 0.025670 0.038199 -7.129364 0.088565 -5.859157 0.033991 -6.104706 0.038559 -6.041449 0.043610
393 -6.176820 0.025675 0.038510 -7.128537 0.092088 -5.859157 0.032914 -6.105755 0.038543 -6.041449 0.043610
394 -6.175739 0.025602 0.034390 -7.125445 0.096734 -5.859157 0.037160 -6.105168 0.038412 -6.041449 0.043610
395 -6.176869 0.025629 0.031319 -7.126036 0.088447 -5.859157 0.032843 -6.106495 0.038422 -6.041449 0.043610
396 -6.176151 0.025573 0.034933 -7.123347 0.089747 -5.859157 0.031177 -6.106376 0.038318 -6.041449 0.043610
397 -6.177241 0.025599 0.040787 -7.123801 0.090340 -5.859157 0.032140 -6.107677 0.038327 -6.041449 0.043610
398 -6.178740 0.025643 0.044433 -7.135171 0.100103 -5.859157 0.032357 -6.109177 0.038356 -6.041449 0.043610
399 -6.179217 0.025641 0.034974 -7.134066 0.080629 -5.859157 0.030339 -6.110112 0.038331 -6.041449 0.043610
400 -6.180349 0.025668 0.038575 -7.134706 0.084595 -5.859157 0.031399 -6.111430 0.038343 -6.041449 0.043610
401 -6.180395 0.025646 0.041422 -7.132946 0.077804 -5.859157 0.033377 -6.112044 0.038291 -6.041449 0.043610
402 -6.180275 0.025618 0.036323 -7.130975 0.092662 -5.859157 0.034120 -6.112517 0.038229 -6.041449 0.043610
403 -6.178571 0.025518 0.035026 -7.127294 0.091580 -5.859157 0.030453 -6.110772 0.038063 -6.041449 0.043610
404 -6.178227 0.025480 0.040048 -7.125063 0.077710 -5.859157 0.030135 -6.111031 0.037986 -6.041449 0.043610
405 -6.179700 0.025523 0.042132 -7.134221 0.086957 -5.859157 0.035825 -6.112504 0.038014 -6.041449 0.043610
406 -6.180542 0.025537 0.033172 -7.133926 0.069184 -5.859157 0.030024 -6.113650 0.038011 -6.041449 0.043610
407 -6.177940 0.025399 0.039192 -7.129282 0.090450 -5.859157 0.029816 -6.108832 0.037917 -6.041449 0.043610
408 -6.176954 0.025332 0.037512 -7.126359 0.079581 -5.859157 0.033640 -6.108343 0.037796 -6.041449 0.043610
409 -6.178410 0.025374 0.034099 -7.133653 0.091337 -5.859157 0.036553 -6.109801 0.037824 -6.041449 0.043610
410 -6.179865 0.025416 0.038777 -7.143098 0.089617 -5.859157 0.033888 -6.111256 0.037852 -6.041449 0.043610
411 -6.179155 0.025362 0.038101 -7.140454 0.081287 -5.859157 0.030255 -6.111116 0.037751 -6.041449 0.043610
412 -6.179490 0.025354 0.037270 -7.139145 0.078749 -5.859157 0.035396 -6.111927 0.037719 -6.041449 0.043610
413 -6.178141 0.025272 0.040184 -7.135857 0.087238 -5.859157 0.030059 -6.110859 0.037576 -6.041449 0.043610
414 -6.177330 0.025214 0.040602 -7.133128 0.079706 -5.859157 0.029399 -6.110582 0.037469 -6.041449 0.043610
415 -6.178519 0.025244 0.040913 -7.134225 0.093953 -5.859157 0.032529 -6.111900 0.037484 -6.041449 0.043610
416 -6.178556 0.025223 0.036313 -7.132501 0.087513 -5.859157 0.033289 -6.112474 0.037434 -6.041449 0.043610
417 -6.176665 0.025118 0.038887 -7.128699 0.087116 -5.859157 0.033348 -6.110218 0.037271 -6.041449 0.043610
418 -6.178085 0.025158 0.038135 -7.134865 0.079991 -5.859157 0.032523 -6.111643 0.037298 -6.041449 0.043610
419 -6.179507 0.025198 0.039464 -7.142381 0.083397 -5.859157 0.030902 -6.113066 0.037325 -6.041449 0.043610
420 -6.180158 0.025205 0.041187 -7.141679 0.095486 -5.859157 0.035168 -6.114072 0.037313 -6.041449 0.043610
421 -6.177647 0.025073 0.036957 -7.137221 0.083813 -5.859157 0.032992 -6.109623 0.037212 -6.041449 0.043610
422 -6.177686 0.025053 0.039730 -7.135515 0.085374 -5.859157 0.034738 -6.110193 0.037164 -6.041449 0.043610
423 -6.176589 0.024984 0.040975 -7.132534 0.076042 -5.859157 0.031259 -6.109510 0.037040 -6.041449 0.043610
424 -6.177255 0.024991 0.038353 -7.131895 0.087861 -5.859157 0.028937 -6.110519 0.037029 -6.041449 0.043610
425 -6.176607 0.024941 0.040612 -7.129392 0.082691 -5.859157 0.030701 -6.110416 0.036935 -6.041449 0.043610
426 -6.176434 0.024913 0.035517 -7.127440 0.093867 -5.859157 0.031195 -6.110793 0.036874 -6.041449 0.043610
427 -6.175203 0.024838 0.040795 -7.124355 0.076580 -5.859157 0.032775 -6.109878 0.036742 -6.041449 0.043610
428 -6.173910 0.024761 0.035510 -7.121217 0.086125 -5.859157 0.035694 -6.108855 0.036608 -6.041449 0.043610
429 -6.175122 0.024792 0.040384 -7.122701 0.092785 -5.859157 0.033158 -6.110159 0.036625 -6.041449 0.043610
430 -6.171728 0.024624 0.042942 -7.117070 0.095084 -5.859157 0.033600 -6.096957 0.038050 -6.041449 0.043610
431 -6.172639 0.024642 0.037321 -7.117126 0.082535 -5.859157 0.033902 -6.098102 0.038052 -6.041449 0.043610
432 -6.171105 0.024555 0.036473 -7.113785 0.085085 -5.859157 0.032944 -6.096672 0.037900 -6.041449 0.043610
433 -6.168925 0.024441 0.038443 -7.109803 0.093365 -5.859157 0.030316 -6.093548 0.037743 -6.041449 0.043610
434 -6.169857 0.024460 0.036578 -7.109953 0.086444 -5.859157 0.030667 -6.094699 0.037746 -6.041449 0.043610
435 -6.170562 0.024470 0.038405 -7.109481 0.080298 -5.859157 0.030948 -6.095718 0.037738 -6.041449 0.043610
436 -6.167016 0.024297 0.033373 -7.103617 0.083952 -5.859157 0.030697 -6.079131 0.040106 -6.041449 0.043610
437 -6.168379 0.024335 0.037112 -7.110622 0.087281 -5.859157 0.035147 -6.080496 0.040129 -6.041449 0.043610
438 -6.169740 0.024374 0.041974 -7.119390 0.072112 -5.859157 0.034755 -6.081858 0.040152 -6.041449 0.043610
439 -6.169297 0.024334 0.036229 -7.117180 0.091409 -5.859157 0.029928 -6.082003 0.040070 -6.041449 0.043610
440 -6.169337 0.024316 0.038910 -7.115562 0.086044 -5.859157 0.025856 -6.082571 0.040021 -6.041449 0.043610
441 -6.169156 0.024288 0.040371 -7.113670 0.092766 -5.859157 0.033699 -6.082953 0.039958 -6.041449 0.043610
442 -6.169755 0.024293 0.036839 -7.112981 0.081502 -5.859157 0.033355 -6.083904 0.039942 -6.041449 0.043610
443 -6.167366 0.024171 0.038475 -7.108842 0.081787 -5.859157 0.029999 -6.080075 0.039780 -6.041449 0.043610
444 -6.166263 0.024105 0.034806 -7.105987 0.082561 -5.859157 0.032937 -6.079413 0.039652 -6.041449 0.043610
445 -6.166721 0.024104 0.039319 -7.105046 0.089997 -5.859157 0.030226 -6.080270 0.039629 -6.041449 0.043610
446 -6.165276 0.024023 0.035717 -7.101874 0.084041 -5.859157 0.035089 -6.079038 0.039478 -6.041449 0.043610
447 -6.162631 0.023891 0.038049 -7.097482 0.085229 -5.859157 0.035244 -6.073934 0.039383 -6.041449 0.043610
448 -6.161479 0.023823 0.049295 -7.094608 0.088334 -5.859157 0.033640 -6.073194 0.039253 -6.041449 0.043610
449 -6.162226 0.023835 0.036993 -7.094308 0.079588 -5.859157 0.032245 -6.074222 0.039247 -6.041449 0.043610
450 -6.161535 0.023787 0.037187 -7.091905 0.092283 -5.859157 0.031531 -6.074079 0.039150 -6.041449 0.043610
451 -6.160351 0.023717 0.036988 -7.089021 0.079733 -5.859157 0.035523 -6.073277 0.039019 -6.041449 0.043610
452 -6.161663 0.023754 0.034847 -7.094445 0.078636 -5.859157 0.029951 -6.074593 0.039041 -6.041449 0.043610
453 -6.161104 0.023711 0.039059 -7.092190 0.090007 -5.859157 0.030909 -6.074589 0.038954 -6.041449 0.043610
454 -6.160178 0.023653 0.040246 -7.089566 0.088888 -5.859157 0.030110 -6.074146 0.038842 -6.041449 0.043610
455 -6.159875 0.023621 0.035598 -7.087605 0.096340 -5.859157 0.030690 -6.074390 0.038773 -6.041449 0.043610
456 -6.158154 0.023530 0.040196 -7.084233 0.088364 -5.859157 0.031952 -6.072547 0.038613 -6.041449 0.043610
457 -6.159460 0.023566 0.034689 -7.094608 0.074064 -5.859157 0.036304 -6.073853 0.038635 -6.041449 0.043610
458 -6.156918 0.023441 0.039512 -7.090394 0.091376 -5.859157 0.031504 -6.069193 0.038531 -6.041449 0.043610
459 -6.157451 0.023445 0.038118 -7.089646 0.078526 -5.859157 0.034625 -6.070075 0.038514 -6.041449 0.043610
460 -6.158746 0.023480 0.034610 -7.096986 0.070890 -5.859157 0.034912 -6.071372 0.038536 -6.041449 0.043610
461 -6.158000 0.023431 0.035343 -7.094552 0.077840 -5.859157 0.030952 -6.071145 0.038438 -6.041449 0.043610
462 -6.158813 0.023446 0.035659 -7.094477 0.080998 -5.859157 0.035891 -6.072191 0.038436 -6.041449 0.043610
463 -6.158137 0.023399 0.045664 -7.092126 0.076339 -5.859157 0.031263 -6.072040 0.038344 -6.041449 0.043610
464 -6.159396 0.023434 0.037730 -7.095853 0.081194 -5.859157 0.031002 -6.073313 0.038364 -6.041449 0.043610
465 -6.157784 0.023348 0.040410 -7.092610 0.076811 -5.859157 0.029261 -6.071703 0.038212 -6.041449 0.043610
466 -6.159062 0.023383 0.039451 -7.099382 0.089089 -5.859157 0.030723 -6.072982 0.038233 -6.041449 0.043610
467 -6.157581 0.023303 0.044099 -7.096263 0.086507 -5.859157 0.031155 -6.071634 0.038089 -6.041449 0.043610
468 -6.157417 0.023278 0.037667 -7.094485 0.077839 -5.859157 0.034980 -6.071985 0.038032 -6.041449 0.043610
469 -6.156663 0.023229 0.040070 -7.092073 0.081050 -5.859157 0.039929 -6.071731 0.037935 -6.041449 0.043610
470 -6.155898 0.023179 0.036612 -7.089655 0.087038 -5.859157 0.034678 -6.071459 0.037838 -6.041449 0.043610
471 -6.156045 0.023167 0.039105 -7.088299 0.082578 -5.859157 0.030200 -6.072055 0.037800 -6.041449 0.043610
472 -6.156156 0.023154 0.033849 -7.086897 0.085660 -5.859157 0.032133 -6.072621 0.037760 -6.041449 0.043610
473 -6.154573 0.023071 0.035882 -7.083723 0.076516 -5.859157 0.033284 -6.071030 0.037613 -6.041449 0.043610
474 -6.154575 0.023053 0.045503 -7.082185 0.074321 -5.859157 0.032342 -6.071507 0.037567 -6.041449 0.043610
475 -6.152582 0.022953 0.038146 -7.078637 0.079438 -5.859157 0.031507 -6.068874 0.037415 -6.041449 0.043610
476 -6.150840 0.022864 0.034555 -7.075334 0.083775 -5.859157 0.034339 -6.066913 0.037265 -6.041449 0.043610
477 -6.148999 0.022770 0.038020 -7.071945 0.080975 -5.859157 0.032030 -6.064701 0.037115 -6.041449 0.043610
478 -6.149936 0.022792 0.036629 -7.072415 0.074037 -5.859157 0.033665 -6.065791 0.037121 -6.041449 0.043610
479 -6.151164 0.022825 0.033529 -7.076516 0.077037 -5.859157 0.029441 -6.067029 0.037141 -6.041449 0.043610
480 -6.152405 0.022859 0.038449 -7.082850 0.076585 -5.859157 0.033319 -6.068271 0.037161 -6.041449 0.043610
481 -6.151807 0.022817 0.038724 -7.080646 0.083571 -5.859157 0.032725 -6.068172 0.037078 -6.041449 0.043610
482 -6.153045 0.022851 0.038030 -7.090084 0.084791 -5.859157 0.030214 -6.069410 0.037099 -6.041449 0.043610
483 -6.153997 0.022872 0.036625 -7.090625 0.072046 -5.859157 0.032723 -6.070502 0.037106 -6.041449 0.043610
484 -6.153251 0.022825 0.036352 -7.088271 0.082111 -5.859157 0.034275 -6.070229 0.037013 -6.041449 0.043610
485 -6.152812 0.022790 0.038570 -7.086237 0.085517 -5.859157 0.030858 -6.070292 0.036941 -6.041449 0.043610
486 -6.153892 0.022817 0.039171 -7.087604 0.075636 -5.859157 0.032838 -6.071447 0.036954 -6.041449 0.043610
487 -6.153819 0.022797 0.045620 -7.085997 0.087857 -5.859157 0.034224 -6.071843 0.036905 -6.041449 0.043610
488 -6.155040 0.022829 0.036063 -7.092746 0.088000 -5.859157 0.033792 -6.073065 0.036925 -6.041449 0.043610
489 -6.154745 0.022800 0.043702 -7.090876 0.075208 -5.859157 0.036263 -6.073262 0.036862 -6.041449 0.043610
490 -6.155959 0.022833 0.038822 -7.096715 0.071213 -5.859157 0.030904 -6.074478 0.036882 -6.041449 0.043610
491 -6.154981 0.022776 0.039872 -7.094153 0.088252 -5.859157 0.034711 -6.073890 0.036775 -6.041449 0.043610
492 -6.156139 0.022806 0.035886 -7.096712 0.077438 -5.859157 0.029771 -6.075076 0.036793 -6.041449 0.043610
493 -6.156395 0.022800 0.041538 -7.095561 0.075117 -5.859157 0.034617 -6.075722 0.036763 -6.041449 0.043610
494 -6.155670 0.022753 0.042152 -7.093254 0.084485 -5.859157 0.031598 -6.075453 0.036673 -6.041449 0.043610
495 -6.155892 0.022746 0.032109 -7.092062 0.066560 -5.859157 0.033300 -6.076070 0.036642 -6.041449 0.043610
496 -6.156368 0.022748 0.034003 -7.091303 0.082911 -5.859157 0.037646 -6.076861 0.036626 -6.041449 0.043610
497 -6.156700 0.022745 0.041594 -7.090293 0.079588 -5.859157 0.037239 -6.077554 0.036601 -6.041449 0.043610
498 -6.155037 0.022661 0.044706 -7.087147 0.083736 -5.859157 0.032858 -6.075720 0.036461 -6.041449 0.043610
