# 1num 2slvfe 3error 4boot 5lower 6boot 7upper 8boot 9explow 10errlow 11expupp 12 errupp
1 -8.952940 0.350773 0.000000 -8.699600 0.000000 -9.206280 0.000000 -8.699600 nan -9.206280 nan
2 -8.754737 0.223004 0.090705 -8.556200 0.102833 -8.958915 0.183636 -8.539117 0.140697 -9.008826 0.234083
3 -8.585592 0.176680 0.105472 -8.394477 0.152904 -8.783250 0.178669 -8.339552 0.179281 -8.870797 0.230532
4 -8.563857 0.161398 0.096627 -8.350062 0.114677 -8.783250 0.139416 -8.306420 0.124173 -8.850086 0.170084
5 -8.584206 0.141687 0.067853 -8.379818 0.092555 -8.791376 0.113331 -8.340253 0.107588 -8.844936 0.132990
6 -8.542396 0.112707 0.083953 -8.394078 0.087628 -8.696015 0.118007 -8.359368 0.092764 -8.776587 0.141684
7 -8.579403 0.088316 0.070497 -8.476306 0.113559 -8.685260 0.113002 -8.416598 0.105146 -8.756665 0.125460
8 -8.601333 0.085956 0.063824 -8.488682 0.095964 -8.715135 0.107280 -8.434277 0.095501 -8.780378 0.106972
9 -8.593703 0.074608 0.058389 -8.499637 0.093826 -8.689509 0.090640 -8.449461 0.087755 -8.753883 0.102281
10 -8.582207 0.064579 0.063774 -8.505054 0.065271 -8.661838 0.084618 -8.459112 0.080362 -8.727327 0.099430
11 -8.586809 0.064300 0.051515 -8.502534 0.064949 -8.673093 0.080148 -8.460745 0.072908 -8.732870 0.089276
12 -8.593762 0.061451 0.048677 -8.509794 0.065180 -8.679086 0.065896 -8.470485 0.068361 -8.733891 0.081365
13 -8.612647 0.061662 0.049366 -8.520350 0.066978 -8.706035 0.070409 -8.482356 0.065259 -8.762614 0.076639
14 -8.633422 0.054067 0.041430 -8.558078 0.065142 -8.709331 0.075399 -8.509055 0.068833 -8.761875 0.071046
15 -8.618831 0.054278 0.043917 -8.537239 0.065821 -8.701353 0.065575 -8.487359 0.065360 -8.751819 0.068025
16 -8.624190 0.048406 0.039752 -8.555304 0.067765 -8.693625 0.059739 -8.503738 0.064999 -8.742307 0.065362
17 -8.635530 0.044971 0.038622 -8.572227 0.061151 -8.698616 0.050613 -8.519154 0.064572 -8.744496 0.061211
18 -8.643401 0.046282 0.039577 -8.572133 0.054511 -8.714338 0.056046 -8.521895 0.061221 -8.760459 0.058352
19 -8.641946 0.050179 0.045250 -8.552175 0.060933 -8.731173 0.056917 -8.499226 0.060023 -8.778469 0.056415
20 -8.651968 0.048595 0.044036 -8.563131 0.062804 -8.739632 0.059394 -8.510249 0.059063 -8.785193 0.053340
21 -8.638830 0.050719 0.043976 -8.534462 0.067574 -8.740116 0.058458 -8.468795 0.065955 -8.783554 0.050903
22 -8.620875 0.052478 0.036442 -8.498949 0.074163 -8.735776 0.048866 -8.408990 0.080459 -8.777895 0.049326
23 -8.643539 0.052250 0.037790 -8.516297 0.062473 -8.766104 0.059065 -8.423676 0.080189 -8.827662 0.064495
24 -8.648807 0.050309 0.041452 -8.525827 0.070118 -8.766719 0.055002 -8.434117 0.078839 -8.825783 0.061973
25 -8.644819 0.050155 0.040355 -8.517960 0.062947 -8.766998 0.046797 -8.429544 0.075180 -8.823785 0.059675
26 -8.643163 0.047723 0.037665 -8.524211 0.063770 -8.757787 0.049421 -8.437474 0.073631 -8.814737 0.058921
27 -8.655783 0.044676 0.038153 -8.548056 0.066267 -8.759084 0.046384 -8.453278 0.074497 -8.813939 0.056778
28 -8.657639 0.041319 0.037064 -8.562175 0.058520 -8.748766 0.043157 -8.465333 0.074259 -8.804535 0.056385
29 -8.647641 0.041349 0.038418 -8.548948 0.058873 -8.742455 0.046405 -8.452768 0.071251 -8.797711 0.055458
30 -8.654876 0.038623 0.034910 -8.565760 0.057942 -8.739911 0.043675 -8.465519 0.071495 -8.793763 0.054079
31 -8.657581 0.037170 0.036571 -8.572236 0.058817 -8.738688 0.036931 -8.473192 0.070470 -8.791013 0.052620
32 -8.661961 0.037719 0.036470 -8.571436 0.055992 -8.748296 0.041788 -8.475355 0.068515 -8.800882 0.051059
33 -8.673970 0.039773 0.038242 -8.569961 0.056520 -8.779991 0.049279 -8.476737 0.066575 -8.873777 0.081399
34 -8.662855 0.038640 0.035804 -8.562386 0.050437 -8.766028 0.047949 -8.471198 0.064227 -8.862901 0.081168
35 -8.667275 0.040306 0.036161 -8.554425 0.054098 -8.784138 0.053122 -8.464938 0.062027 -8.887287 0.079340
36 -8.674810 0.042065 0.036813 -8.547702 0.047832 -8.810337 0.053289 -8.460129 0.059986 -8.936410 0.085237
37 -8.679736 0.042811 0.035956 -8.544056 0.053513 -8.824332 0.060925 -8.458799 0.058228 -8.951198 0.082178
38 -8.674070 0.041372 0.039473 -8.544690 0.052544 -8.812811 0.059654 -8.461434 0.056987 -8.941516 0.081880
39 -8.674940 0.040422 0.038069 -8.548417 0.050445 -8.810459 0.049332 -8.466323 0.056178 -8.936772 0.080531
40 -8.672036 0.039877 0.033972 -8.546102 0.048943 -8.807090 0.049551 -8.466058 0.054732 -8.931463 0.079373
41 -8.674735 0.039564 0.032896 -8.547689 0.049093 -8.810414 0.055121 -8.469208 0.053756 -8.931757 0.077376
42 -8.672871 0.038540 0.032621 -8.549770 0.051873 -8.804646 0.051570 -8.472665 0.052880 -8.925240 0.076621
43 -8.679622 0.038381 0.036803 -8.554366 0.045493 -8.813042 0.042375 -8.477807 0.052338 -8.932087 0.074277
44 -8.687882 0.038755 0.034394 -8.556743 0.043841 -8.828117 0.053381 -8.481368 0.051565 -8.951963 0.072861
45 -8.688985 0.037724 0.036434 -8.562148 0.047012 -8.824570 0.056482 -8.486878 0.051174 -8.946929 0.072005
46 -8.683525 0.036494 0.035234 -8.562798 0.038365 -8.813281 0.058120 -8.488978 0.050270 -8.938324 0.071970
47 -8.690881 0.035222 0.033867 -8.576439 0.045759 -8.813811 0.049083 -8.497905 0.050734 -8.936360 0.070681
48 -8.688491 0.034541 0.029361 -8.576415 0.041313 -8.809191 0.050341 -8.499420 0.049816 -8.930886 0.070048
49 -8.685077 0.034229 0.028704 -8.572979 0.039768 -8.805979 0.052563 -8.497407 0.048665 -8.926321 0.069282
50 -8.688774 0.033190 0.030626 -8.581343 0.040282 -8.804473 0.048114 -8.504160 0.048701 -8.922975 0.068347
51 -8.685801 0.032011 0.029784 -8.584224 0.039638 -8.795715 0.051813 -8.507834 0.048173 -8.915773 0.068194
52 -8.676573 0.030339 0.030481 -8.584191 0.041921 -8.775299 0.047272 -8.509185 0.047364 -8.905804 0.068736
53 -8.676342 0.029259 0.030188 -8.588893 0.037285 -8.770037 0.050850 -8.513923 0.047074 -8.900191 0.068298
54 -8.671663 0.028389 0.033340 -8.588111 0.037124 -8.761784 0.051940 -8.514513 0.046243 -8.893313 0.068151
55 -8.668526 0.027930 0.029046 -8.586401 0.033771 -8.757481 0.049945 -8.514135 0.045367 -8.888298 0.067653
56 -8.672092 0.028671 0.030343 -8.583856 0.038395 -8.767544 0.045485 -8.512805 0.044470 -8.899544 0.066138
57 -8.669276 0.029255 0.030330 -8.575278 0.037584 -8.770084 0.048138 -8.502275 0.044169 -8.899770 0.064943
58 -8.664423 0.028602 0.030437 -8.573342 0.041572 -8.762688 0.047425 -8.501576 0.043356 -8.893485 0.064798
59 -8.664328 0.028757 0.027612 -8.570702 0.038547 -8.765021 0.053671 -8.500049 0.042533 -8.893603 0.063678
60 -8.666566 0.029288 0.028240 -8.567632 0.032170 -8.772694 0.049165 -8.497968 0.041724 -8.900956 0.062271
61 -8.663584 0.028984 0.031488 -8.565290 0.038419 -8.769302 0.049372 -8.496692 0.040966 -8.896738 0.061821
62 -8.661262 0.028526 0.027808 -8.564719 0.033419 -8.765402 0.051453 -8.497214 0.040339 -8.892282 0.061435
63 -8.663514 0.028742 0.025553 -8.563825 0.029974 -8.770655 0.046270 -8.497389 0.039706 -8.896132 0.060185
64 -8.656571 0.028157 0.028048 -8.559710 0.034025 -8.761105 0.043475 -8.493755 0.039011 -8.889487 0.060273
65 -8.667466 0.027513 0.030531 -8.575246 0.037546 -8.768579 0.045064 -8.501467 0.039673 -8.896973 0.059068
66 -8.662514 0.027388 0.028249 -8.569743 0.036849 -8.764420 0.044730 -8.495848 0.039103 -8.892518 0.058773
67 -8.661344 0.026679 0.029133 -8.572217 0.041729 -8.759600 0.051444 -8.498800 0.038819 -8.887777 0.058545
68 -8.663750 0.026074 0.029554 -8.577394 0.032991 -8.758823 0.046860 -8.503290 0.038796 -8.885477 0.057947
69 -8.661843 0.026345 0.028021 -8.572168 0.035070 -8.760112 0.043362 -8.497983 0.038257 -8.884947 0.057154
70 -8.656023 0.026426 0.029563 -8.563985 0.031961 -8.756482 0.045668 -8.486945 0.038597 -8.880928 0.056856
71 -8.655201 0.026182 0.027343 -8.563673 0.038551 -8.755142 0.043758 -8.487685 0.038104 -8.878335 0.056354
72 -8.656213 0.026020 0.022625 -8.564532 0.035494 -8.756064 0.046335 -8.489396 0.037718 -8.877582 0.055641
73 -8.654121 0.025597 0.029254 -8.564385 0.036101 -8.752180 0.044451 -8.490233 0.037259 -8.873541 0.055395
74 -8.654396 0.024660 0.024240 -8.570249 0.037797 -8.746754 0.038220 -8.494872 0.037331 -8.868818 0.055280
75 -8.652201 0.024287 0.027230 -8.569680 0.032429 -8.743098 0.037332 -8.495296 0.036858 -8.864945 0.055030
76 -8.650888 0.024356 0.024936 -8.566798 0.035884 -8.743343 0.037878 -8.493146 0.036303 -8.863697 0.054430
77 -8.648670 0.024455 0.023436 -8.562718 0.035215 -8.742992 0.037819 -8.489311 0.035803 -8.861999 0.053898
78 -8.652027 0.023799 0.025629 -8.569774 0.036617 -8.742375 0.042750 -8.494290 0.035987 -8.860127 0.053403
79 -8.650072 0.023533 0.022736 -8.568785 0.033174 -8.739595 0.038902 -8.494257 0.035526 -8.856857 0.053114
80 -8.652507 0.022752 0.026555 -8.575858 0.029195 -8.737272 0.039125 -8.499184 0.035715 -8.853880 0.052793
81 -8.650787 0.022166 0.024657 -8.577326 0.030210 -8.732411 0.042254 -8.501246 0.035453 -8.849631 0.052683
82 -8.654981 0.022254 0.024668 -8.579779 0.032423 -8.738131 0.036644 -8.503956 0.035283 -8.855451 0.051855
83 -8.654895 0.021789 0.026523 -8.582000 0.035886 -8.735652 0.036557 -8.506502 0.035097 -8.852438 0.051575
84 -8.651769 0.021048 0.022117 -8.583201 0.032865 -8.728081 0.038108 -8.508322 0.034830 -8.847327 0.051651
85 -8.649294 0.020842 0.023370 -8.581422 0.028321 -8.725103 0.040453 -8.507364 0.034376 -8.844059 0.051425
86 -8.653203 0.020612 0.023781 -8.585936 0.035087 -8.727974 0.036218 -8.511116 0.034395 -8.845717 0.050709
87 -8.654042 0.020605 0.021496 -8.586006 0.030743 -8.729406 0.039389 -8.511986 0.034058 -8.845797 0.050117
88 -8.650959 0.020292 0.023319 -8.584418 0.029120 -8.725048 0.035680 -8.511197 0.033634 -8.841938 0.050016
89 -8.651742 0.019974 0.022806 -8.586545 0.032260 -8.724306 0.034049 -8.513588 0.033473 -8.840165 0.049629
90 -8.658029 0.020452 0.023538 -8.588518 0.033467 -8.737734 0.033874 -8.515865 0.033304 -8.873976 0.056837
91 -8.656695 0.020314 0.022216 -8.587454 0.031766 -8.736185 0.038794 -8.515593 0.032922 -8.871535 0.056493
92 -8.654321 0.020362 0.023583 -8.583997 0.030556 -8.734956 0.039432 -8.512289 0.032550 -8.869323 0.056127
93 -8.651538 0.020865 0.026611 -8.575783 0.027343 -8.736684 0.034836 -8.498392 0.034324 -8.869611 0.055494
94 -8.647190 0.020255 0.023994 -8.575345 0.030080 -8.728102 0.035567 -8.498767 0.033981 -8.864559 0.055600
95 -8.647417 0.020144 0.024618 -8.575622 0.028070 -8.728154 0.036402 -8.499762 0.033692 -8.863316 0.055140
96 -8.647168 0.020434 0.019786 -8.572407 0.029579 -8.730770 0.040403 -8.496803 0.033305 -8.864647 0.054457
97 -8.651033 0.019818 0.022874 -8.580593 0.029066 -8.730473 0.032915 -8.501539 0.033561 -8.863178 0.054046
98 -8.651550 0.019236 0.025084 -8.584612 0.032591 -8.727378 0.036802 -8.504879 0.033571 -8.860013 0.053870
99 -8.650005 0.019055 0.024572 -8.583769 0.033384 -8.725238 0.036443 -8.504842 0.033229 -8.857365 0.053626
100 -8.653629 0.018706 0.023772 -8.589206 0.031849 -8.726727 0.034960 -8.508719 0.033337 -8.857534 0.053072
101 -8.654520 0.018739 0.025243 -8.589187 0.029387 -8.728351 0.036013 -8.509448 0.033053 -8.857873 0.052515
102 -8.659341 0.018171 0.021227 -8.598236 0.030885 -8.729405 0.037992 -8.514224 0.033338 -8.857661 0.052017
103 -8.659022 0.018419 0.022326 -8.595531 0.032294 -8.731389 0.035121 -8.511994 0.032965 -8.858449 0.051447
104 -8.659387 0.018418 0.024209 -8.595267 0.034629 -8.732256 0.033335 -8.512509 0.032678 -8.858104 0.050981
105 -8.661422 0.017558 0.021758 -8.603545 0.036816 -8.728599 0.035919 -8.517054 0.032931 -8.854832 0.050877
106 -8.659053 0.017671 0.023081 -8.599806 0.030149 -8.727649 0.035291 -8.513234 0.032633 -8.853048 0.050577
107 -8.655281 0.017527 0.022365 -8.596584 0.034074 -8.723522 0.033808 -8.510222 0.032304 -8.849620 0.050509
108 -8.658096 0.017201 0.024441 -8.601057 0.033339 -8.724363 0.037903 -8.513628 0.032368 -8.849302 0.050066
109 -8.656699 0.016996 0.020397 -8.600623 0.025774 -8.722097 0.032681 -8.513984 0.032090 -8.846758 0.049882
110 -8.654952 0.016924 0.019653 -8.598938 0.030241 -8.720415 0.032310 -8.513008 0.031760 -8.844558 0.049658
111 -8.657035 0.016946 0.023828 -8.600210 0.030188 -8.723026 0.037037 -8.514713 0.031609 -8.846277 0.049097
112 -8.660003 0.017082 0.025363 -8.601503 0.034125 -8.727533 0.032461 -8.516421 0.031462 -8.851029 0.048502
113 -8.660504 0.016549 0.023618 -8.605269 0.032317 -8.724684 0.035834 -8.519464 0.031490 -8.848247 0.048376
114 -8.656098 0.016449 0.017945 -8.601065 0.033243 -8.720146 0.030797 -8.514596 0.031336 -8.844792 0.048353
115 -8.656804 0.016371 0.020316 -8.601776 0.031783 -8.720674 0.034107 -8.515872 0.031155 -8.844264 0.047976
116 -8.659067 0.016302 0.021477 -8.603897 0.028846 -8.722758 0.030128 -8.518070 0.031078 -8.845390 0.047484
117 -8.657704 0.016106 0.019504 -8.603510 0.031094 -8.720518 0.030540 -8.518405 0.030830 -8.842962 0.047331
118 -8.655875 0.016131 0.021634 -8.601083 0.033221 -8.719388 0.029888 -8.516380 0.030531 -8.841198 0.047101
119 -8.657653 0.016262 0.019737 -8.601349 0.031986 -8.722516 0.032798 -8.517269 0.030332 -8.843806 0.046572
120 -8.652300 0.016271 0.020112 -8.594878 0.030258 -8.717784 0.029371 -8.506465 0.031418 -8.840392 0.046574
121 -8.649802 0.016677 0.019477 -8.587961 0.029952 -8.718878 0.031514 -8.494225 0.032841 -8.840474 0.046181
122 -8.649809 0.016209 0.022051 -8.590992 0.029101 -8.715801 0.031425 -8.496872 0.032822 -8.837704 0.046098
123 -8.648122 0.015625 0.024525 -8.593177 0.030689 -8.709976 0.034256 -8.499086 0.032751 -8.834034 0.046151
124 -8.644259 0.015431 0.022633 -8.590412 0.028616 -8.705132 0.032030 -8.496601 0.032445 -8.830642 0.046164
125 -8.646854 0.015592 0.022903 -8.591266 0.027897 -8.709389 0.033892 -8.497965 0.032287 -8.835289 0.045673
126 -8.650170 0.015183 0.019380 -8.597418 0.029916 -8.709938 0.028992 -8.501605 0.032433 -8.834859 0.045344
127 -8.650272 0.014812 0.021304 -8.599709 0.032761 -8.707786 0.034724 -8.503850 0.032376 -8.832567 0.045217
128 -8.646429 0.014708 0.018199 -8.596270 0.030929 -8.703670 0.033069 -8.500220 0.032131 -8.829463 0.045204
129 -8.647660 0.014338 0.020348 -8.599646 0.029756 -8.702620 0.031735 -8.502953 0.032145 -8.827821 0.045006
130 -8.650736 0.014349 0.020407 -8.602106 0.029082 -8.706053 0.027071 -8.505263 0.032104 -8.831084 0.044533
131 -8.649679 0.014309 0.020080 -8.601026 0.026818 -8.705110 0.032809 -8.504909 0.031841 -8.829531 0.044335
132 -8.649492 0.014252 0.020069 -8.600886 0.030216 -8.704851 0.032227 -8.505460 0.031633 -8.828475 0.044088
133 -8.651612 0.014456 0.023843 -8.601089 0.029864 -8.708855 0.032087 -8.506293 0.031449 -8.832876 0.043655
134 -8.650249 0.014602 0.024187 -8.598293 0.028956 -8.708946 0.034879 -8.503633 0.031188 -8.832115 0.043390
135 -8.651049 0.014959 0.022208 -8.595980 0.027504 -8.712949 0.029389 -8.501692 0.030916 -8.836573 0.042976
136 -8.649495 0.014862 0.019972 -8.594844 0.029900 -8.711128 0.027742 -8.501226 0.030667 -8.834538 0.042853
137 -8.650684 0.014896 0.018746 -8.595312 0.025349 -8.712858 0.030971 -8.502239 0.030511 -8.835451 0.042484
138 -8.649377 0.014828 0.020439 -8.594198 0.030101 -8.711481 0.027956 -8.501775 0.030269 -8.833685 0.042337
139 -8.647800 0.014710 0.020771 -8.593219 0.030554 -8.709452 0.029223 -8.501450 0.030036 -8.831569 0.042234
140 -8.648235 0.014621 0.018301 -8.593911 0.026923 -8.709518 0.031576 -8.502606 0.029901 -8.830834 0.041990
141 -8.648307 0.014624 0.018450 -8.593576 0.025923 -8.709940 0.031840 -8.502907 0.029705 -8.830417 0.041722
142 -8.646307 0.014202 0.021055 -8.594490 0.028567 -8.704834 0.029389 -8.504207 0.029588 -8.827227 0.041772
143 -8.649020 0.014406 0.020442 -8.595142 0.025086 -8.709812 0.029148 -8.505313 0.029456 -8.834221 0.041581
144 -8.648864 0.014188 0.019596 -8.596266 0.025608 -8.708347 0.029901 -8.506740 0.029355 -8.832437 0.041453
145 -8.648251 0.014248 0.020868 -8.594869 0.029152 -8.708534 0.029198 -8.505882 0.029123 -8.831819 0.041214
146 -8.648884 0.013637 0.017736 -8.600137 0.026012 -8.704724 0.027802 -8.509005 0.029243 -8.829036 0.041216
147 -8.651125 0.013691 0.019345 -8.601512 0.027668 -8.707632 0.030253 -8.510584 0.029163 -8.831718 0.040839
148 -8.650851 0.013781 0.018055 -8.600237 0.027990 -8.708336 0.029718 -8.509866 0.028939 -8.831586 0.040571
149 -8.652859 0.013557 0.022431 -8.603567 0.027615 -8.708823 0.028036 -8.512376 0.028975 -8.831260 0.040322
150 -8.652560 0.013426 0.018275 -8.603920 0.031283 -8.707869 0.029799 -8.513231 0.028835 -8.829830 0.040174
151 -8.652419 0.013265 0.021466 -8.604649 0.025143 -8.706833 0.026253 -8.514361 0.028720 -8.828355 0.040033
152 -8.654670 0.013287 0.020692 -8.606296 0.026119 -8.709474 0.029620 -8.516070 0.028664 -8.830701 0.039681
153 -8.655219 0.013393 0.019402 -8.605703 0.027532 -8.711081 0.026585 -8.516067 0.028476 -8.831606 0.039372
154 -8.653734 0.013276 0.020265 -8.604869 0.029094 -8.709082 0.030705 -8.515807 0.028279 -8.829618 0.039296
155 -8.651488 0.013110 0.018869 -8.603676 0.027362 -8.705922 0.031178 -8.515137 0.028072 -8.827149 0.039282
156 -8.650221 0.013412 0.019167 -8.599465 0.024010 -8.707306 0.026453 -8.509074 0.028261 -8.827806 0.038992
157 -8.650699 0.013505 0.021195 -8.598870 0.028374 -8.708779 0.030389 -8.509054 0.028079 -8.828581 0.038700
158 -8.649510 0.013413 0.020969 -8.598146 0.026565 -8.707239 0.029969 -8.508896 0.027894 -8.826858 0.038605
159 -8.649704 0.013340 0.018859 -8.598574 0.027290 -8.707131 0.028446 -8.509766 0.027772 -8.826088 0.038418
160 -8.648950 0.013429 0.018189 -8.596815 0.029253 -8.707397 0.027561 -8.508347 0.027569 -8.825640 0.038209
161 -8.647477 0.013412 0.018344 -8.595212 0.026143 -8.706176 0.028541 -8.507129 0.027368 -8.824119 0.038098
162 -8.647647 0.013404 0.019361 -8.595119 0.021835 -8.706549 0.027555 -8.507553 0.027222 -8.823780 0.037885
163 -8.645000 0.013474 0.017880 -8.591405 0.027299 -8.704923 0.031593 -8.502515 0.027291 -8.822046 0.037802
164 -8.648885 0.013192 0.022753 -8.598287 0.026082 -8.706610 0.027486 -8.505687 0.027454 -8.823161 0.037517
165 -8.648114 0.013424 0.018863 -8.595164 0.027099 -8.708059 0.027697 -8.501970 0.027370 -8.823985 0.037246
166 -8.649583 0.013313 0.021106 -8.597132 0.029469 -8.708814 0.027186 -8.503788 0.027348 -8.824043 0.037018
167 -8.650668 0.013086 0.020578 -8.599721 0.027622 -8.708273 0.031330 -8.505883 0.027360 -8.823000 0.036875
168 -8.648890 0.013114 0.016578 -8.597428 0.027812 -8.707111 0.025882 -8.503650 0.027187 -8.821560 0.036771
169 -8.648351 0.013274 0.018532 -8.595218 0.028110 -8.708198 0.028211 -8.501542 0.027012 -8.821994 0.036529
170 -8.647225 0.013230 0.020004 -8.594201 0.024451 -8.707065 0.030884 -8.501044 0.026835 -8.820583 0.036427
171 -8.646924 0.013207 0.016999 -8.593797 0.023774 -8.706868 0.026245 -8.501182 0.026684 -8.819820 0.036268
172 -8.647662 0.013136 0.016944 -8.594760 0.027102 -8.707242 0.024455 -8.502402 0.026611 -8.819549 0.036074
173 -8.649017 0.012928 0.018885 -8.597521 0.026304 -8.707060 0.027282 -8.504527 0.026636 -8.818810 0.035917
174 -8.649709 0.012955 0.017363 -8.597640 0.023555 -8.708212 0.022689 -8.505123 0.026516 -8.819359 0.035681
175 -8.649033 0.013068 0.019194 -8.595696 0.025301 -8.708791 0.024035 -8.503371 0.026345 -8.819303 0.035480
176 -8.648263 0.013142 0.017419 -8.593992 0.025241 -8.708970 0.026502 -8.501961 0.026171 -8.818883 0.035305
177 -8.650580 0.012978 0.018186 -8.597424 0.024360 -8.710038 0.025652 -8.504292 0.026228 -8.819360 0.035080
178 -8.649606 0.012833 0.018660 -8.597434 0.026551 -8.708153 0.025062 -8.504785 0.026107 -8.817597 0.035031
179 -8.650628 0.012661 0.017799 -8.599567 0.024315 -8.707932 0.029513 -8.506616 0.026105 -8.816859 0.034885
180 -8.650379 0.012635 0.016320 -8.599260 0.019607 -8.707739 0.025409 -8.506818 0.025969 -8.816150 0.034739
181 -8.650805 0.012539 0.018288 -8.600171 0.025546 -8.707589 0.023887 -8.507974 0.025901 -8.815479 0.034592
182 -8.651455 0.012520 0.018669 -8.600651 0.024106 -8.708293 0.026318 -8.508827 0.025809 -8.815593 0.034395
183 -8.652307 0.012476 0.016934 -8.601532 0.027403 -8.708977 0.023503 -8.509954 0.025741 -8.815692 0.034201
184 -8.652016 0.012501 0.017688 -8.600766 0.023041 -8.709160 0.026383 -8.509675 0.025591 -8.815318 0.034038
185 -8.652806 0.012273 0.017551 -8.603199 0.027456 -8.708243 0.021825 -8.511601 0.025607 -8.814123 0.033943
186 -8.652894 0.012336 0.016003 -8.602484 0.025517 -8.709096 0.021389 -8.511370 0.025460 -8.814420 0.033744
187 -8.654233 0.012418 0.016345 -8.602760 0.021552 -8.711422 0.023084 -8.512049 0.025362 -8.816770 0.033514
188 -8.654239 0.012282 0.018392 -8.603644 0.025250 -8.710520 0.024224 -8.513160 0.025298 -8.815597 0.033421
189 -8.654179 0.012121 0.015060 -8.604670 0.026555 -8.709350 0.022001 -8.514358 0.025243 -8.814266 0.033345
190 -8.654680 0.012164 0.018783 -8.604516 0.024164 -8.710430 0.023340 -8.514664 0.025124 -8.814842 0.033142
191 -8.654108 0.012287 0.016989 -8.602586 0.024088 -8.711187 0.023423 -8.512806 0.024984 -8.815059 0.032957
192 -8.651949 0.012424 0.015421 -8.598548 0.021619 -8.710592 0.021978 -8.506143 0.025454 -8.814106 0.032851
193 -8.650491 0.012252 0.016149 -8.598415 0.023394 -8.707860 0.024218 -8.506470 0.025338 -8.812086 0.032853
194 -8.649510 0.012085 0.017998 -8.598666 0.024074 -8.705698 0.024826 -8.507116 0.025243 -8.810287 0.032832
195 -8.649252 0.012258 0.015199 -8.596560 0.024123 -8.707236 0.020832 -8.504957 0.025115 -8.811471 0.032620
196 -8.651278 0.012040 0.016250 -8.600439 0.021984 -8.707477 0.021580 -8.507274 0.025191 -8.811194 0.032469
197 -8.651455 0.011940 0.016744 -8.601210 0.023788 -8.707013 0.024765 -8.508295 0.025127 -8.810348 0.032361
198 -8.650839 0.011912 0.015558 -8.600620 0.023842 -8.706420 0.024434 -8.508172 0.024995 -8.809416 0.032261
199 -8.650654 0.011934 0.017262 -8.600001 0.026285 -8.706662 0.026461 -8.508013 0.024862 -8.809152 0.032114
