# 1num 2slvfe 3error 4boot 5lower 6boot 7upper 8boot 9explow 10errlow 11expupp 12 errupp
1 -8.789225 0.059833 0.000000 -8.795200 0.000000 -8.783250 0.000000 -8.795200 nan -8.783250 nan
2 -8.906945 0.265648 0.116138 -9.121435 0.240136 -8.706770 0.054844 -9.036302 0.297150 -8.711662 0.076063
3 -8.973705 0.132789 0.126847 -9.063677 0.163869 -8.889207 0.169246 -9.005450 0.165658 -8.951255 0.199474
4 -8.974426 0.176869 0.119436 -9.165052 0.147665 -8.788030 0.144196 -9.092014 0.164392 -8.864290 0.188151
5 -8.868585 0.214082 0.138453 -9.179034 0.127187 -8.364044 0.408272 -9.117992 0.135633 -8.734993 0.231567
6 -8.825482 0.203226 0.137455 -9.154497 0.101188 -8.339108 0.323576 -9.102735 0.108992 -8.674123 0.218986
7 -8.722973 0.203771 0.121791 -9.097706 0.095303 -8.156046 0.357834 -9.039290 0.102375 -8.588790 0.232430
8 -8.725971 0.194357 0.132811 -9.109186 0.081894 -8.174099 0.285790 -9.056128 0.092785 -8.559507 0.213544
9 -8.721530 0.183825 0.110225 -9.104838 0.086986 -8.189202 0.242917 -9.057659 0.082053 -8.536415 0.197177
10 -8.724583 0.156064 0.112178 -9.051886 0.081032 -8.262230 0.237988 -8.987662 0.092847 -8.587863 0.169122
11 -8.683009 0.156404 0.092853 -9.035938 0.086707 -8.197917 0.222774 -8.976651 0.083165 -8.541490 0.172240
12 -8.692068 0.158255 0.097533 -9.079212 0.078785 -8.186746 0.202928 -9.008335 0.086424 -8.513457 0.167283
13 -8.653794 0.152925 0.096107 -9.046334 0.085369 -8.156518 0.188487 -8.971931 0.082707 -8.480413 0.166159
14 -8.634959 0.146275 0.085083 -9.023786 0.072680 -8.153656 0.165587 -8.951058 0.076730 -8.460631 0.160291
15 -8.618936 0.147042 0.084716 -9.029261 0.078740 -8.117077 0.194621 -8.960220 0.073123 -8.429552 0.160413
16 -8.626957 0.136418 0.087679 -9.012391 0.065577 -8.152738 0.188821 -8.945475 0.068300 -8.449404 0.146445
17 -8.659150 0.128888 0.080002 -9.028998 0.077845 -8.197841 0.157046 -8.961229 0.067781 -8.490071 0.134370
18 -8.644092 0.131913 0.091753 -9.042698 0.070014 -8.142730 0.176488 -8.974958 0.066852 -8.460049 0.136740
19 -8.637523 0.121318 0.073710 -9.006904 0.090930 -8.173045 0.160898 -8.921195 0.077343 -8.476856 0.126835
20 -8.658044 0.115127 0.080968 -9.011375 0.062201 -8.207977 0.157512 -8.928832 0.074716 -8.504214 0.117999
21 -8.653411 0.120193 0.070974 -9.053889 0.086128 -8.143071 0.164370 -8.952142 0.077632 -8.476968 0.120750
22 -8.632730 0.118524 0.078418 -9.038980 0.076244 -8.123067 0.144839 -8.939763 0.073526 -8.456934 0.120796
23 -8.599322 0.116419 0.081486 -9.010820 0.084141 -8.087344 0.144273 -8.901872 0.075462 -8.434322 0.122081
24 -8.585482 0.113230 0.071707 -8.993869 0.076867 -8.085171 0.139634 -8.885986 0.072075 -8.422074 0.119950
25 -8.574442 0.105552 0.073666 -8.956955 0.076955 -8.107167 0.122243 -8.820053 0.087902 -8.432228 0.113557
26 -8.598513 0.100626 0.090087 -8.963327 0.077176 -8.144568 0.127140 -8.829250 0.086266 -8.475602 0.109733
27 -8.600925 0.099250 0.078918 -8.967014 0.076594 -8.148484 0.140101 -8.836452 0.084331 -8.468612 0.107067
28 -8.610092 0.099382 0.078626 -8.988534 0.076374 -8.150071 0.129623 -8.851712 0.084791 -8.460676 0.104860
29 -8.627710 0.096746 0.075799 -8.999751 0.079383 -8.172234 0.134101 -8.862904 0.084127 -8.475810 0.099769
30 -8.622215 0.096938 0.064864 -9.003688 0.072361 -8.159301 0.117891 -8.869859 0.082525 -8.462009 0.099626
31 -8.604771 0.091933 0.067231 -8.967743 0.069536 -8.167478 0.124963 -8.794465 0.099815 -8.460483 0.096618
32 -8.601584 0.091075 0.065542 -8.967131 0.071514 -8.164613 0.109322 -8.798714 0.097430 -8.451559 0.095386
33 -8.620174 0.087258 0.058617 -8.969163 0.073765 -8.196469 0.124956 -8.804639 0.095560 -8.496835 0.096143
34 -8.640647 0.084314 0.063695 -8.978105 0.077897 -8.225255 0.107931 -8.814260 0.094713 -8.532898 0.094514
35 -8.631658 0.080511 0.062562 -8.954784 0.072591 -8.235667 0.106391 -8.781337 0.092733 -8.534597 0.091529
36 -8.637942 0.081630 0.060793 -8.979827 0.080851 -8.229766 0.099720 -8.795331 0.093341 -8.524984 0.090914
37 -8.661714 0.079741 0.058872 -9.000159 0.085180 -8.256287 0.097541 -8.808235 0.093682 -8.558821 0.089787
38 -8.658512 0.076529 0.068419 -8.984073 0.078432 -8.268897 0.106164 -8.792435 0.090157 -8.564206 0.086772
39 -8.651302 0.076755 0.055416 -8.984194 0.078424 -8.255366 0.099262 -8.796740 0.088557 -8.552653 0.086958
40 -8.656442 0.074795 0.059162 -8.981739 0.068892 -8.267727 0.110443 -8.798816 0.086641 -8.558465 0.084133
41 -8.662457 0.073644 0.060153 -8.984943 0.065273 -8.276279 0.103696 -8.804803 0.085566 -8.559999 0.081858
42 -8.632539 0.072254 0.063888 -8.950493 0.074682 -8.237306 0.113111 -8.708402 0.113882 -8.546213 0.082936
43 -8.619691 0.073120 0.064421 -8.949494 0.075078 -8.194365 0.106328 -8.712352 0.112011 -8.532567 0.084001
44 -8.607063 0.074033 0.066316 -8.949083 0.070567 -8.141426 0.127507 -8.716533 0.110286 -8.519020 0.085067
45 -8.601143 0.074964 0.065112 -8.955330 0.078557 -8.120742 0.120687 -8.724234 0.109484 -8.507129 0.085676
46 -8.593383 0.075768 0.062350 -8.958863 0.076320 -8.096956 0.114634 -8.730530 0.108399 -8.495131 0.086351
47 -8.604971 0.074241 0.064837 -8.963873 0.066915 -8.113643 0.103622 -8.737428 0.107526 -8.506577 0.083659
48 -8.593325 0.074582 0.070146 -8.960658 0.072789 -8.088905 0.120186 -8.738844 0.105522 -8.494920 0.084340
49 -8.588112 0.075033 0.065356 -8.964012 0.070606 -8.075810 0.116786 -8.744674 0.104526 -8.484766 0.084641
50 -8.578595 0.075392 0.067411 -8.962739 0.059578 -8.055160 0.119175 -8.747420 0.102924 -8.473805 0.085191
51 -8.561408 0.075016 0.066799 -8.950222 0.063868 -8.031431 0.119353 -8.735463 0.099588 -8.462775 0.085789
52 -8.557098 0.075699 0.072946 -8.956571 0.058394 -8.015095 0.105772 -8.742371 0.099037 -8.452561 0.086195
53 -8.550237 0.074991 0.064599 -8.950189 0.060565 -8.012723 0.115933 -8.739776 0.096763 -8.445646 0.085821
54 -8.560022 0.072710 0.064536 -8.946699 0.062899 -8.034516 0.131969 -8.740175 0.095018 -8.472445 0.084672
55 -8.558246 0.073339 0.060569 -8.955504 0.057137 -8.023187 0.108471 -8.747659 0.094753 -8.463365 0.084889
56 -8.565494 0.072552 0.057077 -8.960921 0.070405 -8.032363 0.093655 -8.753820 0.094216 -8.464764 0.083175
57 -8.571868 0.069953 0.071069 -8.951808 0.060248 -8.055013 0.118860 -8.746661 0.091720 -8.497543 0.083651
58 -8.574627 0.069741 0.054193 -8.957226 0.067244 -8.057061 0.117501 -8.752669 0.091237 -8.493220 0.082908
59 -8.583157 0.068353 0.063185 -8.958206 0.056332 -8.071759 0.108814 -8.756277 0.090295 -8.503842 0.080741
60 -8.585728 0.067930 0.052790 -8.961305 0.053865 -8.075372 0.110913 -8.761048 0.089618 -8.500823 0.079844
61 -8.589025 0.065911 0.061522 -8.952901 0.059288 -8.091365 0.106622 -8.754354 0.087407 -8.515460 0.077972
62 -8.588577 0.066491 0.053033 -8.962616 0.052865 -8.082517 0.100862 -8.761503 0.087319 -8.507675 0.078106
63 -8.595511 0.064888 0.057779 -8.959882 0.049968 -8.098344 0.102443 -8.761952 0.085988 -8.522719 0.076400
64 -8.575656 0.064278 0.053860 -8.940094 0.060185 -8.067893 0.113160 -8.717075 0.089613 -8.513507 0.076930
65 -8.578339 0.064357 0.054601 -8.947829 0.070736 -8.067905 0.105062 -8.723567 0.089428 -8.508664 0.076509
66 -8.581433 0.063618 0.054250 -8.948051 0.051888 -8.074687 0.097837 -8.726557 0.088557 -8.508770 0.075328
67 -8.591362 0.062445 0.056407 -8.950871 0.055767 -8.090007 0.110334 -8.731002 0.087991 -8.523716 0.073848
68 -8.593713 0.062104 0.051217 -8.953643 0.063097 -8.093348 0.104992 -8.735365 0.087434 -8.521143 0.073114
69 -8.588576 0.062387 0.053005 -8.954741 0.053956 -8.081594 0.103821 -8.738739 0.086712 -8.513537 0.073372
70 -8.583307 0.062741 0.057048 -8.956354 0.058635 -8.067547 0.110090 -8.742361 0.086062 -8.505763 0.073682
71 -8.572679 0.062148 0.053069 -8.945804 0.051800 -8.061840 0.098763 -8.730279 0.083995 -8.499372 0.073701
72 -8.580768 0.061739 0.060024 -8.954533 0.054376 -8.069769 0.104883 -8.736582 0.083940 -8.501443 0.072447
73 -8.564328 0.060936 0.054623 -8.934802 0.056608 -8.059113 0.099863 -8.683697 0.091104 -8.494308 0.072664
74 -8.555530 0.060785 0.056933 -8.929234 0.058244 -8.049068 0.097676 -8.681205 0.089524 -8.487327 0.072859
75 -8.561020 0.060385 0.054961 -8.934266 0.058289 -8.055160 0.083719 -8.686392 0.089246 -8.487580 0.071850
76 -8.554264 0.060533 0.049002 -8.932688 0.051263 -8.042004 0.089242 -8.687909 0.088302 -8.480402 0.072120
77 -8.564216 0.059387 0.061403 -8.934503 0.059601 -8.058242 0.097610 -8.691601 0.087767 -8.502470 0.071931
78 -8.552243 0.059179 0.051003 -8.925639 0.050493 -8.042013 0.098016 -8.683087 0.085823 -8.495217 0.072241
79 -8.547711 0.059334 0.058724 -8.925954 0.051816 -8.033153 0.098485 -8.685822 0.085163 -8.488726 0.072396
80 -8.541733 0.059743 0.052671 -8.927307 0.055427 -8.005813 0.095655 -8.689129 0.084625 -8.481317 0.072762
81 -8.550444 0.058750 0.055626 -8.929040 0.050362 -8.019748 0.098155 -8.692598 0.084133 -8.495797 0.071578
82 -8.548525 0.059008 0.056664 -8.932946 0.049774 -8.012970 0.095582 -8.697027 0.083839 -8.489784 0.071672
83 -8.544843 0.059452 0.057565 -8.937074 0.051304 -7.996594 0.094830 -8.701505 0.083568 -8.482892 0.071961
84 -8.549543 0.059154 0.051753 -8.942043 0.047154 -8.001635 0.094368 -8.706248 0.083362 -8.482181 0.071188
85 -8.547572 0.058638 0.050959 -8.938544 0.049231 -8.003941 0.094236 -8.705484 0.082274 -8.479513 0.070711
86 -8.543737 0.058317 0.055806 -8.935126 0.052893 -8.002832 0.091510 -8.704740 0.081214 -8.475226 0.070520
87 -8.548202 0.057191 0.051038 -8.931512 0.042824 -8.015153 0.081785 -8.703704 0.080142 -8.486991 0.069328
88 -8.541529 0.056640 0.055533 -8.923635 0.052355 -8.014186 0.098107 -8.695744 0.078574 -8.482864 0.069136
89 -8.530721 0.056140 0.051479 -8.912310 0.044970 -8.008165 0.097936 -8.677924 0.077416 -8.477383 0.069206
90 -8.517158 0.055835 0.049246 -8.900254 0.053547 -7.985202 0.096302 -8.657314 0.076674 -8.470817 0.069505
91 -8.516482 0.055937 0.049736 -8.903485 0.059735 -7.982180 0.094583 -8.661216 0.076425 -8.466076 0.069449
92 -8.514101 0.056399 0.048426 -8.909504 0.047434 -7.966883 0.081824 -8.666010 0.076352 -8.459835 0.069696
93 -8.515097 0.055232 0.047619 -8.902133 0.055128 -7.977486 0.092159 -8.659007 0.074968 -8.468027 0.068486
94 -8.505336 0.053994 0.056428 -8.869468 0.065100 -7.981380 0.087131 -8.186249 0.328129 -8.466830 0.067901
95 -8.504591 0.054167 0.051080 -8.873517 0.059993 -7.977317 0.077165 -8.191501 0.327571 -8.461990 0.067904
96 -8.509904 0.053734 0.052949 -8.876634 0.059121 -7.984243 0.081739 -8.196535 0.326929 -8.464178 0.066982
97 -8.506628 0.054107 0.053567 -8.880427 0.065032 -7.968802 0.096612 -8.201643 0.326365 -8.458225 0.067220
98 -8.513980 0.053533 0.048658 -8.883923 0.061967 -7.978600 0.090581 -8.206651 0.325782 -8.465498 0.066120
99 -8.511970 0.053759 0.053581 -8.887251 0.060912 -7.971736 0.084474 -8.211580 0.325189 -8.460305 0.066227
100 -8.517608 0.053032 0.052229 -8.887287 0.056727 -7.981907 0.085853 -8.215648 0.324151 -8.468749 0.065181
101 -8.517005 0.053137 0.051986 -8.890587 0.057827 -7.978956 0.092027 -8.220476 0.323571 -8.464413 0.065149
102 -8.525338 0.052302 0.048775 -8.891808 0.057517 -7.993121 0.080298 -8.224795 0.322742 -8.487339 0.066023
103 -8.525088 0.051901 0.047739 -8.889965 0.056840 -7.996197 0.088940 -8.227992 0.321327 -8.485848 0.065559
104 -8.533859 0.051255 0.052164 -8.893765 0.053054 -8.008430 0.087111 -8.232770 0.320819 -8.501218 0.065067
105 -8.532425 0.051038 0.050089 -8.892644 0.051085 -8.008822 0.092185 -8.236175 0.319588 -8.498194 0.064843
106 -8.525944 0.050731 0.052113 -8.886561 0.054477 -8.005801 0.080551 -8.236285 0.316616 -8.494002 0.064818
107 -8.515173 0.050456 0.045443 -8.876795 0.055695 -7.994796 0.085346 -8.231077 0.310959 -8.488748 0.064993
108 -8.519998 0.049523 0.045061 -8.873672 0.059308 -8.007562 0.082032 -8.233311 0.309231 -8.507288 0.065031
109 -8.520538 0.049352 0.050503 -8.874552 0.057320 -8.009022 0.086080 -8.237202 0.308412 -8.504903 0.064734
110 -8.518930 0.049777 0.050031 -8.881414 0.045354 -7.994224 0.088179 -8.242118 0.308165 -8.499613 0.064932
111 -8.519110 0.049254 0.044941 -8.878398 0.050064 -7.998964 0.083187 -8.244270 0.306488 -8.499804 0.064325
112 -8.514812 0.049348 0.047256 -8.877804 0.053064 -7.991008 0.095469 -8.247547 0.305431 -8.494977 0.064448
113 -8.517682 0.049027 0.052691 -8.879040 0.053207 -7.995629 0.074823 -8.251385 0.304696 -8.495140 0.063858
114 -8.523875 0.048344 0.046432 -8.879227 0.051252 -8.006752 0.088962 -8.254864 0.303799 -8.508735 0.063312
115 -8.520828 0.048672 0.051825 -8.882529 0.048715 -7.988274 0.091807 -8.259101 0.303323 -8.503592 0.063513
116 -8.520885 0.048816 0.044867 -8.886885 0.054001 -7.985526 0.086236 -8.263483 0.302947 -8.499708 0.063494
117 -8.513794 0.048678 0.052132 -8.881669 0.048949 -7.978678 0.079450 -8.263593 0.300402 -8.495157 0.063596
118 -8.518662 0.048339 0.046449 -8.884541 0.057159 -7.984929 0.080571 -8.267645 0.299904 -8.497422 0.062856
119 -8.519715 0.048629 0.048346 -8.894154 0.048798 -7.980712 0.075207 -8.272412 0.299799 -8.493312 0.062892
120 -8.520668 0.048248 0.043856 -8.892851 0.046293 -7.984791 0.069085 -8.275111 0.298651 -8.493122 0.062386
121 -8.520354 0.047738 0.051691 -8.889180 0.052202 -7.989355 0.076807 -8.276356 0.296795 -8.493499 0.061830
122 -8.524922 0.046988 0.045375 -8.886921 0.047587 -8.000545 0.078743 -8.278471 0.295405 -8.509117 0.061693
123 -8.523791 0.046180 0.045480 -8.879103 0.050217 -8.007744 0.083872 -8.274565 0.291107 -8.513376 0.060902
124 -8.521662 0.046326 0.046016 -8.880855 0.046325 -8.002105 0.073728 -8.278172 0.290524 -8.509191 0.060979
125 -8.517447 0.046504 0.039626 -8.881068 0.044548 -7.988221 0.075584 -8.281290 0.289719 -8.504514 0.061146
126 -8.525322 0.046087 0.047203 -8.886077 0.051676 -7.997964 0.080113 -8.285436 0.289446 -8.515287 0.060522
127 -8.530629 0.045664 0.041156 -8.887864 0.048400 -8.005728 0.082877 -8.288969 0.288886 -8.520871 0.059742
128 -8.526869 0.045819 0.040639 -8.888186 0.049027 -7.995652 0.087523 -8.292043 0.288119 -8.516422 0.059885
129 -8.522309 0.045278 0.043846 -8.879980 0.047728 -7.997978 0.082667 -8.286651 0.283353 -8.514990 0.059579
130 -8.519080 0.045434 0.047890 -8.880780 0.051947 -7.989402 0.076673 -8.289822 0.282683 -8.510686 0.059703
131 -8.518302 0.045521 0.041332 -8.883101 0.049156 -7.986687 0.079297 -8.293369 0.282213 -8.507170 0.059701
132 -8.520764 0.045456 0.041085 -8.886835 0.044357 -7.988684 0.077603 -8.297163 0.281880 -8.505587 0.059425
133 -8.519500 0.044797 0.044781 -8.880198 0.051261 -7.994532 0.081546 -8.294324 0.278438 -8.508043 0.058785
134 -8.521115 0.044927 0.042913 -8.886591 0.052613 -7.993480 0.077407 -8.298391 0.278274 -8.505071 0.058712
135 -8.521260 0.045146 0.049321 -8.892535 0.049756 -7.989203 0.070549 -8.302392 0.278094 -8.501354 0.058759
136 -8.518753 0.044718 0.048832 -8.887426 0.053725 -7.991791 0.073104 -8.301551 0.275654 -8.500320 0.058435
137 -8.516183 0.044717 0.042839 -8.886910 0.045883 -7.988531 0.080449 -8.304074 0.274807 -8.496835 0.058452
138 -8.512689 0.044868 0.042277 -8.887371 0.055675 -7.977768 0.077426 -8.306940 0.274138 -8.492653 0.058586
139 -8.517280 0.044535 0.039328 -8.889235 0.044989 -7.984165 0.077546 -8.310189 0.273665 -8.496387 0.057919
140 -8.509901 0.044176 0.040466 -8.879926 0.048158 -7.982071 0.082604 -8.300180 0.267364 -8.493223 0.057897
141 -8.505994 0.044297 0.041425 -8.879664 0.052033 -7.971209 0.081638 -8.302713 0.266603 -8.489118 0.058029
142 -8.510860 0.043826 0.049349 -8.879877 0.040112 -7.979705 0.077334 -8.305401 0.265929 -8.498175 0.057457
143 -8.509001 0.044008 0.045968 -8.882360 0.044497 -7.972522 0.065305 -8.308702 0.265550 -8.494305 0.057557
144 -8.513601 0.043744 0.042391 -8.885124 0.045785 -7.978202 0.069541 -8.312040 0.265201 -8.496962 0.056963
145 -8.512507 0.043800 0.043869 -8.886564 0.050260 -7.975611 0.076291 -8.315052 0.264717 -8.493760 0.056964
146 -8.512682 0.043810 0.046000 -8.888656 0.043391 -7.974972 0.074841 -8.318205 0.264311 -8.491134 0.056883
147 -8.516175 0.043392 0.046131 -8.888199 0.044759 -7.981771 0.069826 -8.320522 0.263539 -8.496180 0.056244
148 -8.513759 0.043595 0.045567 -8.890412 0.042075 -7.969730 0.073006 -8.323661 0.263153 -8.492225 0.056374
