# 1num 2slvfe 3error 4boot 5lower 6boot 7upper 8boot 9explow 10errlow 11expupp 12 errupp
1 -5.824430 0.613136 0.000000 -6.254630 0.000000 -5.394230 0.000000 -6.254630 nan -5.394230 nan
2 -6.036276 0.488364 0.119900 -6.579670 0.237802 -5.523290 0.095766 -6.495131 0.296251 -5.537152 0.127081
3 -6.356972 0.336968 0.223425 -6.798753 0.258084 -5.892943 0.280320 -6.656613 0.291010 -6.142188 0.381016
4 -6.336569 0.341805 0.189553 -6.877822 0.208947 -5.771252 0.247555 -6.742469 0.254962 -6.025867 0.351755
5 -6.375296 0.295983 0.162363 -6.884156 0.158386 -5.836380 0.206131 -6.772338 0.209886 -6.040765 0.266151
6 -6.419214 0.173989 0.220669 -6.687220 0.226768 -6.163412 0.297887 -6.410099 0.287062 -6.869156 0.450868
7 -6.376494 0.179886 0.185332 -6.695756 0.181255 -6.072307 0.285279 -6.448045 0.261508 -6.787603 0.445569
8 -6.367324 0.190374 0.167030 -6.754140 0.156306 -5.990535 0.251645 -6.502512 0.254608 -6.716498 0.441264
9 -6.404145 0.188644 0.180130 -6.823184 0.173350 -5.992792 0.237399 -6.555744 0.251750 -6.668670 0.424597
10 -6.376814 0.172722 0.167606 -6.778996 0.174504 -5.994359 0.255713 -6.535816 0.218650 -6.627352 0.409267
11 -6.298322 0.161420 0.134383 -6.701777 0.166587 -5.933066 0.184004 -6.447120 0.189315 -6.577149 0.406113
12 -6.332396 0.159775 0.144121 -6.756331 0.146364 -5.942934 0.211368 -6.487317 0.189493 -6.547304 0.390960
13 -6.283007 0.139936 0.134795 -6.662217 0.154515 -5.952755 0.174831 -6.328860 0.192918 -6.521509 0.376457
14 -6.224797 0.128303 0.152259 -6.588376 0.166202 -5.927029 0.170584 -6.240462 0.174538 -6.486906 0.371075
15 -6.204913 0.127136 0.122709 -6.580467 0.179596 -5.894218 0.162660 -6.253287 0.166525 -6.453022 0.367313
16 -6.188530 0.118089 0.114418 -6.545164 0.174293 -5.900014 0.144743 -6.235311 0.152177 -6.432462 0.356261
17 -6.236243 0.112226 0.118346 -6.575031 0.139935 -5.948569 0.129596 -6.262072 0.151993 -6.454315 0.323317
18 -6.261793 0.107222 0.102989 -6.585512 0.143719 -5.976593 0.127778 -6.281219 0.149251 -6.454242 0.304863
19 -6.270165 0.093350 0.097418 -6.544323 0.144983 -6.032486 0.127520 -6.243803 0.137460 -6.504314 0.269455
20 -6.274091 0.083794 0.109355 -6.516096 0.122130 -6.065581 0.144814 -6.227422 0.127896 -6.515404 0.251157
21 -6.255093 0.084469 0.104349 -6.509905 0.119098 -6.034750 0.137470 -6.234093 0.123205 -6.491030 0.250108
22 -6.271602 0.084156 0.098688 -6.530892 0.126559 -6.041485 0.147019 -6.253644 0.123004 -6.479992 0.243180
23 -6.268998 0.086779 0.090243 -6.548912 0.110129 -6.016357 0.124512 -6.271711 0.122532 -6.458397 0.241940
24 -6.248376 0.087584 0.100482 -6.542426 0.118135 -5.978685 0.132911 -6.276310 0.118314 -6.435729 0.241724
25 -6.279914 0.088503 0.090745 -6.626705 0.143994 -5.991826 0.118326 -6.300183 0.120605 -6.431086 0.233712
26 -6.307759 0.086139 0.093521 -6.646038 0.128513 -6.018020 0.121453 -6.317660 0.120631 -6.442446 0.220593
27 -6.328707 0.085912 0.092222 -6.673588 0.130856 -6.028996 0.116202 -6.336376 0.121279 -6.438162 0.213839
28 -6.315289 0.087381 0.087272 -6.675526 0.147194 -5.992754 0.134779 -6.346715 0.119368 -6.418504 0.213905
29 -6.326817 0.088455 0.097934 -6.703373 0.130935 -5.989834 0.113022 -6.364478 0.120024 -6.406560 0.210919
30 -6.306746 0.087093 0.085651 -6.685866 0.127844 -5.970857 0.111872 -6.357232 0.114780 -6.390269 0.210062
31 -6.319677 0.087801 0.096254 -6.713356 0.111792 -5.971145 0.107843 -6.374044 0.115457 -6.380620 0.206717
32 -6.312129 0.085775 0.079416 -6.701411 0.115862 -5.969772 0.104146 -6.372655 0.111539 -6.370614 0.203791
33 -6.310481 0.083177 0.080559 -6.690552 0.112146 -5.976666 0.084874 -6.371736 0.107944 -6.366039 0.199094
34 -6.315002 0.084105 0.074488 -6.707816 0.098697 -5.968463 0.102862 -6.385593 0.108096 -6.354101 0.197424
35 -6.323373 0.083994 0.075458 -6.720885 0.124494 -5.970152 0.105442 -6.398151 0.107945 -6.346874 0.194175
36 -6.296525 0.080610 0.077380 -6.680382 0.107184 -5.960726 0.084230 -6.310299 0.121935 -6.335183 0.192803
37 -6.304000 0.077839 0.078449 -6.674236 0.115105 -5.977196 0.080722 -6.313739 0.119330 -6.342915 0.185263
38 -6.287051 0.075010 0.071756 -6.647785 0.106975 -5.974560 0.093249 -6.283926 0.114245 -6.334346 0.183136
39 -6.288899 0.073018 0.071532 -6.641136 0.099273 -5.982844 0.097144 -6.286390 0.111765 -6.333433 0.178654
40 -6.298798 0.071662 0.061674 -6.644678 0.106050 -5.994240 0.087925 -6.294872 0.110826 -6.336303 0.173318
41 -6.312571 0.070038 0.068011 -6.649738 0.106492 -6.010850 0.092871 -6.303769 0.110080 -6.347335 0.166298
42 -6.305726 0.070099 0.066878 -6.648183 0.103675 -5.998331 0.087181 -6.309123 0.108529 -6.336382 0.165668
43 -6.318009 0.068361 0.071249 -6.650870 0.110333 -6.014907 0.086099 -6.316566 0.107568 -6.348391 0.158989
44 -6.313275 0.067488 0.061901 -6.645069 0.094927 -6.012208 0.083582 -6.318251 0.105406 -6.341143 0.157402
45 -6.311415 0.066490 0.061153 -6.640588 0.103393 -6.012974 0.085728 -6.320766 0.103503 -6.335957 0.155297
46 -6.317219 0.064888 0.064748 -6.638277 0.094294 -6.023943 0.073773 -6.324680 0.101970 -6.340554 0.150786
47 -6.325925 0.063968 0.052384 -6.643030 0.083807 -6.033224 0.074640 -6.332259 0.101341 -6.343365 0.146875
48 -6.314814 0.063160 0.063861 -6.632051 0.096428 -6.024344 0.085326 -6.326853 0.098459 -6.334491 0.146213
49 -6.308734 0.062141 0.057648 -6.623568 0.085321 -6.022263 0.075785 -6.324381 0.096061 -6.328388 0.144801
50 -6.310946 0.059992 0.063911 -6.614229 0.078646 -6.034750 0.082812 -6.320520 0.093592 -6.336739 0.140148
51 -6.312308 0.061605 0.055458 -6.638483 0.101048 -6.016474 0.083110 -6.331411 0.094074 -6.326436 0.140153
52 -6.312375 0.063094 0.055862 -6.658402 0.095394 -5.996280 0.067897 -6.341760 0.094441 -6.316053 0.140238
53 -6.327396 0.062485 0.067415 -6.673105 0.088925 -6.009452 0.085746 -6.351294 0.094625 -6.325940 0.135658
54 -6.327092 0.061419 0.065238 -6.668189 0.087132 -6.013373 0.080603 -6.352290 0.093017 -6.324158 0.133533
55 -6.340732 0.061270 0.056185 -6.688089 0.079294 -6.022409 0.064474 -6.362194 0.093375 -6.328118 0.130274
56 -6.350473 0.058610 0.058449 -6.679794 0.078978 -6.052334 0.077891 -6.359413 0.091308 -6.416562 0.137549
57 -6.352706 0.058967 0.057853 -6.687975 0.087239 -6.048293 0.081368 -6.367126 0.091191 -6.409925 0.136790
58 -6.357765 0.059630 0.056692 -6.705021 0.095355 -6.044310 0.081104 -6.376333 0.091471 -6.403414 0.136045
59 -6.358611 0.059879 0.059556 -6.710796 0.079178 -6.039692 0.075331 -6.383189 0.091209 -6.396776 0.135381
60 -6.355180 0.059330 0.056722 -6.706499 0.087165 -6.037777 0.071580 -6.384288 0.089848 -6.391317 0.134442
61 -6.367329 0.059005 0.055448 -6.720445 0.082094 -6.047013 0.072807 -6.392755 0.090031 -6.395426 0.131375
62 -6.373736 0.058917 0.052845 -6.729045 0.080869 -6.050015 0.074447 -6.400147 0.089980 -6.393130 0.129758
63 -6.362362 0.057687 0.065527 -6.712524 0.083024 -6.046738 0.069708 -6.378761 0.087966 -6.387404 0.129042
64 -6.365591 0.058584 0.060874 -6.733526 0.090748 -6.038111 0.075856 -6.387583 0.088319 -6.380128 0.128778
65 -6.353741 0.057150 0.057990 -6.713804 0.078066 -6.036368 0.073870 -6.353652 0.088514 -6.375209 0.127927
66 -6.358767 0.057645 0.063300 -6.729262 0.080193 -6.033700 0.065381 -6.361849 0.088754 -6.369962 0.127197
67 -6.353480 0.057660 0.054640 -6.727386 0.086599 -6.024441 0.061658 -6.364823 0.087907 -6.362809 0.127000
68 -6.362459 0.056962 0.053519 -6.731611 0.087499 -6.034434 0.071844 -6.370671 0.087656 -6.369541 0.123894
69 -6.369901 0.057081 0.055405 -6.744892 0.091560 -6.036932 0.064602 -6.378346 0.087835 -6.367474 0.122527
70 -6.367171 0.057197 0.061445 -6.745912 0.080168 -6.029765 0.071285 -6.382794 0.087334 -6.361031 0.122248
71 -6.370062 0.056492 0.054069 -6.744580 0.071341 -6.035053 0.071324 -6.385847 0.086591 -6.361676 0.120385
72 -6.374609 0.055962 0.051554 -6.746074 0.082573 -6.040393 0.063143 -6.390357 0.086147 -6.362520 0.118537
73 -6.378871 0.055997 0.043493 -6.753322 0.080799 -6.041069 0.065919 -6.396706 0.086106 -6.359514 0.117531
74 -6.370886 0.055125 0.052661 -6.741996 0.077676 -6.038852 0.063899 -6.386779 0.084110 -6.355027 0.116895
75 -6.359719 0.054182 0.053634 -6.726703 0.068884 -6.034208 0.059923 -6.365126 0.082798 -6.349662 0.116493
76 -6.357190 0.054410 0.051330 -6.728793 0.061412 -6.025945 0.060043 -6.369712 0.082461 -6.343396 0.116335
77 -6.360343 0.055016 0.052288 -6.746070 0.079219 -6.020038 0.059602 -6.377044 0.082719 -6.337747 0.116046
78 -6.349847 0.054631 0.044046 -6.736736 0.072894 -6.008613 0.052413 -6.370763 0.081037 -6.331072 0.116033
79 -6.350004 0.053473 0.058717 -6.729030 0.070171 -6.015993 0.063426 -6.366981 0.079589 -6.335195 0.113839
80 -6.358567 0.053110 0.050911 -6.735916 0.076461 -6.023696 0.063389 -6.372850 0.079584 -6.339988 0.111609
81 -6.354755 0.052538 0.045080 -6.729945 0.078968 -6.023095 0.067163 -6.371202 0.078395 -6.336609 0.110901
82 -6.352647 0.051859 0.050831 -6.724294 0.072697 -6.024928 0.062951 -6.369809 0.077265 -6.334865 0.109875
83 -6.345919 0.051496 0.046200 -6.717743 0.074838 -6.019287 0.065940 -6.367131 0.076034 -6.329607 0.109632
84 -6.351995 0.050747 0.047195 -6.717664 0.070735 -6.028661 0.059610 -6.370251 0.075582 -6.338246 0.107105
85 -6.339271 0.050066 0.046050 -6.701813 0.069971 -6.019510 0.054346 -6.340491 0.076752 -6.332335 0.107057
86 -6.330453 0.049321 0.046185 -6.689554 0.074823 -6.016297 0.062029 -6.325450 0.075441 -6.327968 0.106673
87 -6.319835 0.048850 0.047594 -6.678484 0.060173 -6.007169 0.056647 -6.313703 0.074034 -6.322159 0.106632
88 -6.322188 0.048423 0.052833 -6.678040 0.076078 -6.010823 0.063256 -6.316562 0.073595 -6.322234 0.105400
89 -6.323210 0.048506 0.045037 -6.681608 0.080595 -6.008755 0.052519 -6.321133 0.073467 -6.318441 0.104943
90 -6.324015 0.048342 0.046836 -6.682360 0.073025 -6.008885 0.050947 -6.324537 0.073142 -6.315830 0.104259
91 -6.328320 0.048682 0.045692 -6.696307 0.070981 -6.007278 0.064835 -6.330692 0.073346 -6.312332 0.103773
92 -6.335565 0.048508 0.045770 -6.703794 0.072152 -6.012798 0.052768 -6.336091 0.073405 -6.314952 0.102222
93 -6.327941 0.048597 0.045367 -6.700249 0.070828 -5.992835 0.057538 -6.336488 0.072660 -6.308680 0.102380
94 -6.323279 0.048751 0.049631 -6.699551 0.069946 -5.981814 0.055012 -6.338989 0.072229 -6.302967 0.102422
95 -6.321090 0.047685 0.043896 -6.689233 0.081488 -5.987931 0.063928 -6.327627 0.071013 -6.306388 0.100816
96 -6.319258 0.047940 0.047096 -6.692025 0.073140 -5.980253 0.064077 -6.331691 0.070868 -6.301213 0.100764
97 -6.329502 0.047745 0.048864 -6.705823 0.078988 -5.988749 0.055087 -6.337510 0.071062 -6.309304 0.098703
98 -6.342383 0.047379 0.050053 -6.721875 0.071249 -6.002485 0.059420 -6.343388 0.071275 -6.336572 0.097055
99 -6.348088 0.047174 0.049968 -6.726619 0.065249 -6.007253 0.054321 -6.347975 0.071246 -6.338137 0.095830
100 -6.346703 0.047295 0.042275 -6.728256 0.070308 -6.002342 0.059955 -6.351548 0.071044 -6.333660 0.095688
101 -6.358099 0.046707 0.043899 -6.734168 0.070461 -6.018399 0.066918 -6.356317 0.071063 -6.377521 0.097647
102 -6.362571 0.046682 0.046516 -6.740198 0.071012 -6.020551 0.064275 -6.361075 0.071088 -6.376300 0.096891
103 -6.365290 0.046810 0.049206 -6.746506 0.066220 -6.019760 0.059809 -6.365852 0.071122 -6.373284 0.096480
104 -6.372029 0.046716 0.044919 -6.754806 0.068827 -6.024363 0.065950 -6.370894 0.071214 -6.374621 0.095343
105 -6.372987 0.046778 0.048500 -6.758032 0.065881 -6.022686 0.058722 -6.374896 0.071121 -6.371283 0.095020
106 -6.372749 0.046341 0.045363 -6.754929 0.066506 -6.025100 0.058351 -6.375385 0.070506 -6.370472 0.094250
107 -6.375757 0.046427 0.047626 -6.760997 0.069117 -6.025034 0.058349 -6.379982 0.070536 -6.367980 0.093790
108 -6.382967 0.046324 0.038658 -6.770228 0.060658 -6.030169 0.065700 -6.384976 0.070646 -6.370328 0.092582
109 -6.383585 0.045979 0.043454 -6.768568 0.070875 -6.032470 0.062585 -6.386564 0.070199 -6.369566 0.091849
110 -6.379046 0.045767 0.041419 -6.764352 0.075706 -6.028623 0.055156 -6.385768 0.069470 -6.365648 0.091695
111 -6.380983 0.045910 0.044420 -6.770030 0.074258 -6.026999 0.049917 -6.390167 0.069491 -6.362524 0.091396
112 -6.373472 0.045388 0.036298 -6.759838 0.070552 -6.024123 0.057105 -6.376546 0.068646 -6.358957 0.091190
113 -6.365093 0.045095 0.044237 -6.751665 0.066419 -6.016116 0.057502 -6.368817 0.067597 -6.354323 0.091203
114 -6.362584 0.044978 0.046923 -6.749800 0.063311 -6.013303 0.050898 -6.370117 0.067161 -6.350814 0.091001
115 -6.360088 0.044633 0.044698 -6.745661 0.060578 -6.013219 0.057531 -6.369208 0.066479 -6.348522 0.090583
116 -6.361435 0.044599 0.041232 -6.747897 0.068336 -6.013096 0.047834 -6.372588 0.066365 -6.346237 0.090173
117 -6.368703 0.043845 0.043699 -6.746909 0.055606 -6.029316 0.063181 -6.374390 0.066019 -6.408124 0.099746
118 -6.370977 0.042964 0.045479 -6.740813 0.063264 -6.039530 0.056454 -6.370416 0.065143 -6.423090 0.097571
119 -6.363433 0.042814 0.042769 -6.734679 0.058634 -6.029729 0.048617 -6.366283 0.064279 -6.418434 0.097618
120 -6.360071 0.042617 0.034710 -6.731236 0.061863 -6.027321 0.056630 -6.365896 0.063701 -6.415051 0.097411
121 -6.362500 0.042516 0.038383 -6.733519 0.057294 -6.028884 0.060211 -6.369153 0.063602 -6.413653 0.096840
122 -6.362486 0.042463 0.043390 -6.734158 0.067750 -6.027913 0.048520 -6.371718 0.063402 -6.410861 0.096534
123 -6.358043 0.042299 0.042538 -6.730201 0.061851 -6.023869 0.052035 -6.370596 0.062777 -6.407109 0.096424
124 -6.363773 0.042385 0.037578 -6.744965 0.066460 -6.026134 0.055644 -6.375300 0.062939 -6.406351 0.095768
125 -6.362171 0.042620 0.042519 -6.747811 0.058863 -6.018230 0.058125 -6.378666 0.062878 -6.402046 0.095785
126 -6.370228 0.042303 0.041657 -6.753154 0.057965 -6.027220 0.052721 -6.382587 0.062911 -6.413813 0.093890
127 -6.368823 0.042346 0.044231 -6.753688 0.056693 -6.023590 0.060445 -6.385036 0.062719 -6.410241 0.093776
128 -6.368042 0.042710 0.038049 -6.760246 0.055488 -6.012624 0.063144 -6.389094 0.062784 -6.405798 0.093842
129 -6.371664 0.041838 0.038316 -6.754751 0.067452 -6.026969 0.057015 -6.385584 0.062029 -6.452554 0.097126
130 -6.372454 0.042125 0.042373 -6.762303 0.056767 -6.021899 0.058726 -6.389708 0.062115 -6.448699 0.097078
131 -6.373113 0.041776 0.038713 -6.760069 0.063338 -6.024825 0.048892 -6.390280 0.061701 -6.448379 0.096387
132 -6.372658 0.041476 0.040416 -6.757508 0.065243 -6.026403 0.056210 -6.390514 0.061256 -6.447009 0.095884
133 -6.372571 0.041640 0.039982 -6.761022 0.057593 -6.022387 0.051605 -6.393900 0.061234 -6.443419 0.095802
134 -6.372332 0.041770 0.040062 -6.763825 0.056862 -6.018751 0.055356 -6.397077 0.061183 -6.439930 0.095707
135 -6.367810 0.041186 0.038813 -6.754105 0.067328 -6.020286 0.054996 -6.380168 0.061339 -6.438596 0.095217
136 -6.365858 0.040878 0.044090 -6.750274 0.061120 -6.020849 0.054726 -6.378943 0.060774 -6.436681 0.094838
137 -6.359756 0.040511 0.047706 -6.742155 0.060461 -6.018439 0.055116 -6.368310 0.060192 -6.433566 0.094688
138 -6.358020 0.040326 0.048325 -6.739765 0.056566 -6.017778 0.053120 -6.368617 0.059786 -6.431089 0.094424
139 -6.355562 0.040307 0.038489 -6.738648 0.059293 -6.013997 0.048142 -6.369922 0.059499 -6.427678 0.094342
140 -6.354467 0.040413 0.035942 -6.740193 0.068533 -6.009706 0.054741 -6.372590 0.059397 -6.424186 0.094281
141 -6.351827 0.040362 0.039019 -6.738580 0.059618 -6.006240 0.049629 -6.373476 0.059069 -6.420878 0.094189
142 -6.352927 0.040189 0.041019 -6.738470 0.055388 -6.007804 0.049018 -6.375342 0.058865 -6.419718 0.093713
143 -6.353249 0.039965 0.039075 -6.737143 0.055476 -6.009346 0.054548 -6.376394 0.058565 -6.418572 0.093241
144 -6.351247 0.039929 0.040261 -6.736149 0.051452 -6.006419 0.051586 -6.377662 0.058294 -6.415452 0.093130
145 -6.349494 0.039904 0.036667 -6.735482 0.057642 -6.003581 0.053707 -6.379124 0.058051 -6.412371 0.093016
146 -6.352319 0.039805 0.035735 -6.737950 0.058644 -6.005710 0.043797 -6.381988 0.058001 -6.411751 0.092475
147 -6.348234 0.039614 0.034757 -6.733622 0.050883 -6.002948 0.050566 -6.379558 0.057422 -6.408727 0.092360
