# 1num 2slvfe 3error 4boot 5lower 6boot 7upper 8boot 9explow 10errlow 11expupp 12 errupp
1 -4.217155 0.389138 0.000000 -3.886140 0.000000 -4.548170 0.000000 -3.886140 nan -4.548170 nan
2 -4.076033 0.253079 0.067301 -3.808465 0.055002 -4.349800 0.136666 -3.803419 0.077238 -4.382212 0.191359
3 -4.136197 0.166588 0.082963 -3.972180 0.131484 -4.299610 0.100812 -3.927807 0.148828 -4.327231 0.134149
4 -4.057439 0.020261 0.138565 -4.054037 0.115679 -4.042685 0.219889 -4.001316 0.142453 -4.188642 0.196638
5 -4.063757 0.025049 0.103712 -4.057742 0.106027 -4.054396 0.194682 -4.014900 0.113719 -4.172157 0.157476
6 -4.044742 0.061360 0.087073 -4.004445 0.101845 -4.073357 0.159381 -3.958868 0.100020 -4.171493 0.128723
7 -4.045138 0.012860 0.091727 -4.046611 0.089589 -4.033637 0.141401 -3.997149 0.098428 -4.130246 0.124161
8 -4.020509 0.028341 0.077509 -4.009524 0.091800 -4.024760 0.115358 -3.960029 0.087809 -4.111695 0.112514
9 -3.946913 0.042285 0.078207 -3.908978 0.130426 -3.971914 0.128057 -3.778712 0.166451 -4.069799 0.114961
10 -3.911737 0.044765 0.088644 -3.868932 0.108871 -3.946368 0.116478 -3.745474 0.144469 -4.042526 0.111196
11 -3.905151 0.036637 0.076053 -3.872886 0.108158 -3.930898 0.096481 -3.758861 0.134328 -4.022672 0.105928
12 -3.916229 0.020901 0.073706 -3.900679 0.113754 -3.924778 0.092273 -3.785685 0.131169 -4.010525 0.099449
13 -3.919531 0.030480 0.076062 -3.934308 0.100741 -3.898458 0.092233 -3.814045 0.129828 -3.986562 0.098320
14 -3.884017 0.039094 0.065908 -3.916527 0.105557 -3.844315 0.094844 -3.803875 0.118593 -3.953373 0.102111
15 -3.891837 0.044887 0.067418 -3.938401 0.083252 -3.838021 0.085566 -3.825014 0.116396 -3.941769 0.097635
16 -3.895957 0.048763 0.055618 -3.954703 0.087084 -3.830124 0.084311 -3.842643 0.113564 -3.929717 0.093986
17 -3.891247 0.040344 0.069468 -3.934221 0.068698 -3.841995 0.076181 -3.825838 0.105025 -3.936240 0.087564
18 -3.894691 0.046459 0.057717 -3.955583 0.080474 -3.827983 0.077689 -3.844767 0.104007 -3.921461 0.085941
19 -3.910711 0.044196 0.053221 -3.968155 0.070049 -3.846013 0.070969 -3.858856 0.101737 -3.937516 0.080702
20 -3.913903 0.050027 0.059163 -3.992136 0.087763 -3.829258 0.074416 -3.877865 0.101498 -3.922083 0.080109
21 -3.917938 0.052559 0.053861 -4.008144 0.067337 -3.821610 0.078291 -3.893111 0.100242 -3.912170 0.078119
22 -3.922275 0.050975 0.048460 -4.010963 0.062891 -3.827150 0.069012 -3.900115 0.096962 -3.913631 0.074315
23 -3.942073 0.050711 0.048218 -4.034216 0.073904 -3.843224 0.066437 -3.917511 0.097014 -3.929188 0.070865
24 -3.935509 0.052821 0.049355 -4.039299 0.068188 -3.824996 0.063732 -3.925763 0.094544 -3.914492 0.071116
25 -3.946911 0.049579 0.046557 -4.042064 0.059518 -3.844076 0.060382 -3.932090 0.091871 -3.935934 0.069090
26 -3.945117 0.050954 0.042951 -4.049120 0.056431 -3.833744 0.061557 -3.941070 0.090062 -3.925438 0.068384
27 -3.955040 0.051170 0.048213 -4.063708 0.067602 -3.838783 0.059673 -3.953771 0.089455 -3.927141 0.065637
28 -3.952895 0.049023 0.041120 -4.056940 0.063223 -3.841840 0.066459 -3.950738 0.085817 -3.927043 0.063260
29 -3.965994 0.049150 0.046016 -4.074538 0.061079 -3.850455 0.054678 -3.964136 0.085764 -3.933546 0.060722
30 -3.954469 0.047180 0.049428 -4.058937 0.066134 -3.844395 0.058738 -3.948023 0.082198 -3.926374 0.059810
31 -3.947020 0.045617 0.044457 -4.048737 0.052256 -3.840807 0.052724 -3.940170 0.078849 -3.921027 0.058617
32 -3.951122 0.046946 0.040791 -4.061805 0.053453 -3.836323 0.058868 -3.951201 0.078564 -3.915169 0.057617
33 -3.952389 0.041067 0.042991 -4.040476 0.052150 -3.860864 0.065828 -3.921168 0.078105 -3.957159 0.065975
34 -3.952410 0.040699 0.042161 -4.041420 0.053273 -3.860061 0.048116 -3.925114 0.076378 -3.953867 0.064444
35 -3.945178 0.039308 0.044887 -4.031384 0.066210 -3.856641 0.059196 -3.916942 0.073603 -3.948717 0.063330
36 -3.941442 0.040438 0.035956 -4.034851 0.054179 -3.845709 0.049826 -3.922441 0.072404 -3.939418 0.063212
37 -3.933274 0.039409 0.039739 -4.025148 0.059090 -3.840084 0.058865 -3.914242 0.069933 -3.932983 0.062483
38 -3.940241 0.038725 0.034288 -4.030987 0.053000 -3.847397 0.047840 -3.920992 0.069177 -3.938663 0.060505
39 -3.933101 0.038820 0.038111 -4.026905 0.051515 -3.837727 0.052018 -3.919678 0.067244 -3.930286 0.060359
40 -3.927972 0.038528 0.039662 -4.022968 0.050868 -3.832006 0.051561 -3.918368 0.065411 -3.924043 0.059781
41 -3.930114 0.040197 0.036985 -4.035836 0.053556 -3.823942 0.049955 -3.927950 0.065545 -3.916612 0.059507
42 -3.929524 0.040248 0.033262 -4.037734 0.050081 -3.820927 0.052143 -3.931795 0.064495 -3.912227 0.058667
43 -3.925578 0.039311 0.031175 -4.031763 0.047387 -3.819553 0.049183 -3.927818 0.062684 -3.909129 0.057669
44 -3.928868 0.038582 0.031101 -4.033397 0.059815 -3.824054 0.045914 -3.931288 0.061698 -3.911826 0.056153
45 -3.926431 0.038745 0.034178 -4.033948 0.044392 -3.818795 0.050188 -3.933834 0.060623 -3.906240 0.055691
46 -3.917622 0.037846 0.033574 -4.023097 0.052372 -3.812725 0.044037 -3.921611 0.059334 -3.900256 0.055344
47 -3.920539 0.037804 0.033867 -4.027659 0.041734 -3.813728 0.043733 -3.926850 0.058807 -3.899425 0.054236
48 -3.924021 0.038122 0.031680 -4.034818 0.048541 -3.813444 0.042587 -3.933413 0.058579 -3.897515 0.053299
49 -3.920595 0.038724 0.033332 -4.036759 0.053188 -3.804441 0.045461 -3.936840 0.057803 -3.890347 0.053321
50 -3.917087 0.038996 0.030994 -4.036949 0.045386 -3.797280 0.041967 -3.938842 0.056862 -3.884053 0.053176
51 -3.924358 0.038516 0.030865 -4.043458 0.048024 -3.804739 0.040985 -3.944881 0.056629 -3.891448 0.052002
52 -3.925349 0.039139 0.033358 -4.050177 0.043600 -3.800100 0.040667 -3.950968 0.056432 -3.886577 0.051643
53 -3.934771 0.038278 0.032681 -4.056461 0.042376 -3.812230 0.041376 -3.956798 0.056207 -3.903686 0.052035
54 -3.935975 0.037015 0.031667 -4.052466 0.044611 -3.818512 0.042502 -3.954429 0.054988 -3.909347 0.050892
55 -3.929790 0.036478 0.032770 -4.045488 0.040764 -3.813745 0.046379 -3.947800 0.053788 -3.904484 0.050604
56 -3.935314 0.036547 0.032852 -4.053397 0.047284 -3.816745 0.045067 -3.954181 0.053771 -3.905955 0.049591
57 -3.928163 0.035076 0.033364 -4.039058 0.042378 -3.816620 0.039409 -3.930243 0.055903 -3.904393 0.048866
58 -3.934903 0.035192 0.032916 -4.048578 0.044995 -3.820621 0.043681 -3.937169 0.056008 -3.907200 0.047873
59 -3.943253 0.034911 0.032233 -4.057086 0.050989 -3.828537 0.039180 -3.943698 0.056042 -3.916156 0.047198
60 -3.943766 0.034770 0.031795 -4.058379 0.042763 -3.828222 0.039177 -3.946428 0.055421 -3.914529 0.046560
61 -3.945142 0.034528 0.034410 -4.059866 0.046362 -3.829329 0.038534 -3.949251 0.054837 -3.914225 0.045814
62 -3.950983 0.033708 0.030105 -4.062075 0.039707 -3.838301 0.037588 -3.952528 0.054342 -3.925701 0.045648
63 -3.951346 0.033265 0.033238 -4.061331 0.051244 -3.839744 0.036784 -3.953473 0.053565 -3.925756 0.044913
64 -3.953242 0.032668 0.030721 -4.061058 0.044328 -3.843568 0.037725 -3.954785 0.052854 -3.928591 0.044087
65 -3.953183 0.031429 0.028575 -4.055131 0.042596 -3.849408 0.035127 -3.949337 0.051846 -3.934423 0.043371
66 -3.945652 0.030476 0.032172 -4.042975 0.047901 -3.846488 0.036830 -3.929642 0.053058 -3.931050 0.043084
67 -3.945106 0.029606 0.026099 -4.038743 0.042612 -3.849719 0.034899 -3.926710 0.052086 -3.933250 0.042337
68 -3.950146 0.029662 0.025900 -4.045426 0.042661 -3.852926 0.034628 -3.932112 0.052065 -3.935465 0.041614
69 -3.946143 0.029237 0.028446 -4.040451 0.046109 -3.850394 0.037013 -3.928058 0.051117 -3.932430 0.041328
70 -3.948387 0.029870 0.025399 -4.048182 0.048627 -3.847524 0.034332 -3.933756 0.051187 -3.929203 0.041082
71 -3.941152 0.029568 0.028408 -4.040716 0.040995 -3.840797 0.034724 -3.925350 0.050450 -3.924070 0.041173
72 -3.942558 0.029618 0.030662 -4.043581 0.041040 -3.840630 0.036167 -3.928813 0.050154 -3.922846 0.040699
73 -3.945369 0.029045 0.025506 -4.043880 0.040781 -3.845608 0.035753 -3.930487 0.049630 -3.927747 0.040107
74 -3.945081 0.027738 0.027124 -4.036678 0.039353 -3.852228 0.033025 -3.922315 0.048965 -3.935603 0.039816
75 -3.943090 0.027897 0.027242 -4.036869 0.039411 -3.848187 0.037593 -3.923861 0.048458 -3.931799 0.039717
76 -3.944665 0.027032 0.029498 -4.034194 0.036920 -3.853906 0.036485 -3.922579 0.047731 -3.938057 0.039278
77 -3.944916 0.026505 0.028410 -4.032302 0.039718 -3.856281 0.041595 -3.922124 0.047073 -3.939449 0.038699
78 -3.946231 0.026213 0.029790 -4.032757 0.040620 -3.858287 0.035267 -3.923783 0.046625 -3.940449 0.038149
79 -3.946115 0.026224 0.023623 -4.033685 0.035042 -3.857157 0.034452 -3.925774 0.046228 -3.938560 0.037830
80 -3.947314 0.026292 0.024880 -4.036232 0.040262 -3.856922 0.031012 -3.928816 0.045981 -3.937406 0.037444
81 -3.941393 0.025944 0.026386 -4.029333 0.036668 -3.852296 0.033118 -3.920541 0.045532 -3.933463 0.037434
82 -3.942875 0.025539 0.024292 -4.029161 0.039986 -3.855245 0.036273 -3.921610 0.045066 -3.935706 0.036904
83 -3.949695 0.025529 0.027574 -4.037372 0.038872 -3.860944 0.035000 -3.926904 0.045231 -3.942363 0.036654
84 -3.947255 0.026185 0.021325 -4.040238 0.036271 -3.852452 0.035752 -3.930072 0.045039 -3.937114 0.036914
85 -3.949284 0.025740 0.026301 -4.040225 0.037386 -3.856279 0.030583 -3.931245 0.044610 -3.940591 0.036430
86 -3.945242 0.025319 0.024372 -4.034598 0.036651 -3.854236 0.034622 -3.925206 0.044055 -3.938136 0.036236
87 -3.946152 0.025413 0.024445 -4.036985 0.040888 -3.853614 0.037492 -3.928040 0.043845 -3.936718 0.035931
88 -3.947465 0.025544 0.026179 -4.040051 0.037169 -3.853115 0.034175 -3.931234 0.043695 -3.935416 0.035622
89 -3.943215 0.026078 0.022215 -4.040550 0.035040 -3.842529 0.035022 -3.932754 0.043338 -3.929893 0.035977
90 -3.937680 0.026633 0.026832 -4.040109 0.038947 -3.828382 0.032763 -3.933470 0.042911 -3.923915 0.036433
91 -3.939871 0.026715 0.025914 -4.043854 0.038742 -3.828964 0.037037 -3.936938 0.042826 -3.923464 0.036060
92 -3.938614 0.027301 0.030604 -4.048011 0.034208 -3.821870 0.038965 -3.940577 0.042773 -3.918816 0.036247
93 -3.942571 0.027126 0.024968 -4.051615 0.033083 -3.825876 0.037128 -3.943946 0.042685 -3.922572 0.035826
94 -3.945225 0.026691 0.025044 -4.051965 0.034351 -3.830585 0.036295 -3.945280 0.042344 -3.927540 0.035495
95 -3.948068 0.026006 0.024150 -4.050723 0.028714 -3.837510 0.034957 -3.945160 0.041887 -3.937263 0.035872
96 -3.946068 0.025601 0.027326 -4.046917 0.031646 -3.837668 0.034765 -3.941778 0.041352 -3.936441 0.035555
97 -3.943772 0.025680 0.022886 -4.046245 0.026536 -3.833954 0.038871 -3.942176 0.040953 -3.933132 0.035538
98 -3.948023 0.025863 0.023629 -4.053391 0.035636 -3.835755 0.036309 -3.946699 0.041093 -3.933974 0.035133
99 -3.949597 0.025472 0.024466 -4.052933 0.034077 -3.839209 0.031592 -3.947288 0.040720 -3.937008 0.034732
100 -3.947117 0.025825 0.023276 -4.054085 0.033101 -3.832700 0.034252 -3.949136 0.040478 -3.932729 0.034896
101 -3.951735 0.025644 0.026616 -4.058220 0.037646 -3.837559 0.037815 -3.952592 0.040457 -3.938170 0.034661
102 -3.955365 0.025557 0.027440 -4.062063 0.030228 -3.840753 0.028861 -3.955909 0.040419 -3.940847 0.034270
103 -3.956556 0.024798 0.024573 -4.058452 0.033082 -3.846879 0.032000 -3.952667 0.039939 -3.949102 0.034458
104 -3.954440 0.024345 0.024923 -4.053946 0.034693 -3.847463 0.036188 -3.947882 0.039525 -3.948717 0.034150
105 -3.953290 0.024629 0.022421 -4.055807 0.036334 -3.843279 0.037181 -3.950140 0.039361 -3.945322 0.034186
106 -3.955374 0.024261 0.025750 -4.055853 0.033764 -3.847201 0.036659 -3.951092 0.039062 -3.949204 0.033864
107 -3.954338 0.024274 0.022023 -4.055785 0.032224 -3.845376 0.034638 -3.951934 0.038759 -3.947012 0.033741
108 -3.953099 0.023804 0.021199 -4.051913 0.032973 -3.846971 0.033733 -3.948114 0.038342 -3.947705 0.033395
109 -3.946275 0.023989 0.023593 -4.047651 0.033144 -3.834327 0.036937 -3.943584 0.037971 -3.942672 0.033749
110 -3.945501 0.023924 0.022999 -4.047226 0.031605 -3.833408 0.040045 -3.944080 0.037658 -3.941064 0.033569
111 -3.947937 0.023544 0.022803 -4.047411 0.032715 -3.837909 0.036421 -3.945088 0.037394 -3.946039 0.033359
112 -3.948800 0.023598 0.021872 -4.049428 0.028631 -3.837636 0.032237 -3.947345 0.037268 -3.944932 0.033140
113 -3.949462 0.023071 0.023745 -4.046820 0.029351 -3.841618 0.035266 -3.945336 0.036867 -3.949017 0.032874
114 -3.948482 0.023343 0.022849 -4.048744 0.031029 -3.837732 0.037616 -3.947517 0.036741 -3.945857 0.032910
115 -3.949899 0.023476 0.021179 -4.052006 0.034996 -3.837363 0.034106 -3.950376 0.036708 -3.944699 0.032707
116 -3.949058 0.023206 0.022935 -4.049896 0.028824 -3.838010 0.037232 -3.948983 0.036332 -3.944428 0.032440
117 -3.948121 0.023499 0.025937 -4.052112 0.029305 -3.833866 0.037172 -3.951298 0.036234 -3.941214 0.032495
118 -3.947784 0.023635 0.021195 -4.053643 0.033710 -3.831757 0.031039 -3.953202 0.036091 -3.938937 0.032422
119 -3.948932 0.023830 0.023888 -4.057276 0.031637 -3.830567 0.034492 -3.956170 0.036088 -3.937225 0.032287
120 -3.951004 0.023707 0.021241 -4.059017 0.029992 -3.832783 0.031887 -3.958188 0.035964 -3.938744 0.031971
121 -3.950754 0.023528 0.023576 -4.058101 0.028673 -3.833323 0.037016 -3.958105 0.035661 -3.938419 0.031725
122 -3.954929 0.023453 0.022371 -4.062569 0.030302 -3.837165 0.035458 -3.961344 0.035708 -3.942511 0.031513
123 -3.951210 0.023836 0.024374 -4.062981 0.031371 -3.826448 0.032759 -3.962435 0.035498 -3.938093 0.031799
124 -3.950875 0.023785 0.021773 -4.063000 0.029723 -3.825908 0.037612 -3.963198 0.035264 -3.936847 0.031632
125 -3.948974 0.024017 0.023121 -4.063937 0.030349 -3.820941 0.035118 -3.964654 0.035097 -3.933465 0.031738
126 -3.950274 0.024122 0.022457 -4.066983 0.027167 -3.820586 0.032396 -3.967288 0.035071 -3.932367 0.031563
127 -3.947451 0.024285 0.024724 -4.066519 0.030004 -3.815117 0.032479 -3.967598 0.034813 -3.928877 0.031691
128 -3.947714 0.024371 0.023726 -4.068340 0.028790 -3.813917 0.038731 -3.969590 0.034713 -3.927191 0.031577
129 -3.942278 0.024398 0.020416 -4.064204 0.029956 -3.806140 0.030532 -3.964649 0.034511 -3.923267 0.031783
130 -3.940181 0.024246 0.023257 -4.061713 0.028781 -3.804843 0.040392 -3.962558 0.034188 -3.921519 0.031678
131 -3.942769 0.024160 0.020636 -4.064277 0.030268 -3.807288 0.034372 -3.964920 0.034143 -3.923369 0.031393
132 -3.938646 0.023938 0.021349 -4.058999 0.031784 -3.804645 0.035876 -3.957184 0.034318 -3.920917 0.031378
133 -3.938902 0.023806 0.023759 -4.058831 0.027173 -3.805383 0.029830 -3.957744 0.034096 -3.920784 0.031149
134 -3.937771 0.023542 0.022549 -4.056205 0.031593 -3.806021 0.034147 -3.955421 0.033789 -3.920566 0.030928
135 -3.935891 0.023687 0.022236 -4.056467 0.029431 -3.801941 0.037147 -3.956324 0.033600 -3.917589 0.030995
136 -3.934687 0.023431 0.021017 -4.053809 0.030357 -3.802472 0.030385 -3.953917 0.033305 -3.917281 0.030784
137 -3.935701 0.023375 0.025188 -4.054993 0.028047 -3.803275 0.027043 -3.955466 0.033183 -3.917246 0.030560
138 -3.934083 0.023266 0.023318 -4.053249 0.029408 -3.802109 0.030436 -3.954315 0.032898 -3.915648 0.030462
139 -3.934298 0.023130 0.019333 -4.052941 0.025038 -3.802903 0.031936 -3.954700 0.032684 -3.915625 0.030243
140 -3.936390 0.023163 0.022781 -4.056137 0.024416 -3.803907 0.029898 -3.957259 0.032690 -3.915829 0.030016
141 -3.933615 0.023541 0.020866 -4.057745 0.027296 -3.793133 0.032891 -3.959041 0.032604 -3.911862 0.030265
142 -3.933871 0.023255 0.019454 -4.056099 0.023924 -3.795370 0.029688 -3.957974 0.032333 -3.913523 0.030013
143 -3.936519 0.022905 0.020659 -4.056081 0.025723 -3.800702 0.029580 -3.958592 0.032145 -3.921582 0.030473
144 -3.937734 0.022779 0.022066 -4.056759 0.026310 -3.802374 0.036175 -3.959749 0.032004 -3.922504 0.030228
145 -3.935652 0.022604 0.020453 -4.053885 0.025393 -3.801485 0.036860 -3.956838 0.031761 -3.921098 0.030122
146 -3.936573 0.022493 0.021704 -4.054406 0.028631 -3.802768 0.034812 -3.957867 0.031614 -3.921590 0.029894
147 -3.937022 0.022604 0.021885 -4.056627 0.029479 -3.801563 0.032191 -3.959932 0.031575 -3.920001 0.029812
