# 1num 2slvfe 3error 4boot 5lower 6boot 7upper 8boot 9explow 10errlow 11expupp 12 errupp
1 -4.125140 0.451294 0.000000 -4.395210 0.000000 -3.855070 0.000000 -4.395210 nan -3.855070 nan
2 -4.128585 0.376569 0.039964 -4.480055 0.057702 -3.777395 0.051376 -4.474038 0.084277 -3.782441 0.077238
3 -3.932993 0.319569 0.126363 -4.317137 0.139864 -3.524453 0.222505 -4.266765 0.178419 -3.618223 0.197977
4 -4.106490 0.244357 0.147347 -4.427475 0.151188 -3.746922 0.249019 -4.356972 0.176143 -3.934692 0.258988
5 -4.193652 0.202204 0.131379 -4.474558 0.120889 -3.866064 0.208383 -4.406861 0.157210 -4.041627 0.194155
6 -4.265911 0.148324 0.109611 -4.459740 0.108855 -4.023167 0.245524 -4.403273 0.127642 -4.257677 0.212176
7 -4.317226 0.146825 0.115789 -4.539634 0.116285 -4.052074 0.185776 -4.460809 0.133281 -4.253188 0.180733
8 -4.335204 0.169688 0.120417 -4.690674 0.183533 -3.973375 0.220533 -4.530664 0.149445 -4.194355 0.183486
9 -4.371552 0.153708 0.121539 -4.699271 0.145637 -4.028212 0.178068 -4.552829 0.138642 -4.231564 0.156249
10 -4.388370 0.141090 0.107496 -4.695394 0.140731 -4.062761 0.145322 -4.562762 0.126486 -4.247402 0.136984
11 -4.362746 0.145223 0.090464 -4.702651 0.132101 -3.996515 0.153277 -4.579235 0.118796 -4.203328 0.141039
12 -4.370612 0.144785 0.089306 -4.728615 0.131716 -3.988910 0.143579 -4.605537 0.116484 -4.183453 0.134640
13 -4.347226 0.135662 0.096116 -4.693408 0.109156 -3.985233 0.139263 -4.571973 0.106412 -4.167935 0.128086
14 -4.342857 0.128757 0.086463 -4.679620 0.116582 -3.992495 0.127050 -4.566564 0.097777 -4.162498 0.119795
15 -4.335868 0.123193 0.080670 -4.666395 0.100658 -3.994168 0.115670 -4.560480 0.090304 -4.153860 0.113485
16 -4.309535 0.118907 0.077691 -4.639289 0.107390 -3.972628 0.103766 -4.533777 0.084888 -4.132201 0.112271
17 -4.316791 0.115674 0.069514 -4.645457 0.095708 -3.980334 0.099979 -4.544296 0.081849 -4.130558 0.105764
18 -4.310740 0.116802 0.061309 -4.656915 0.085898 -3.955450 0.109277 -4.557791 0.080106 -4.109203 0.105614
19 -4.328959 0.111796 0.066914 -4.664525 0.071061 -3.980985 0.106545 -4.568414 0.077876 -4.132088 0.098725
20 -4.311901 0.110023 0.060746 -4.652016 0.081914 -3.960469 0.088263 -4.559687 0.073320 -4.113621 0.098410
21 -4.317792 0.111084 0.060056 -4.676889 0.080436 -3.950215 0.094108 -4.578237 0.074372 -4.100387 0.096639
22 -4.314449 0.106333 0.059106 -4.662673 0.087353 -3.959035 0.092710 -4.566642 0.070486 -4.102453 0.091846
23 -4.306930 0.106727 0.056413 -4.667358 0.069573 -3.937577 0.089032 -4.574194 0.068633 -4.085190 0.092022
24 -4.310210 0.105302 0.053079 -4.673446 0.076002 -3.938222 0.087867 -4.582463 0.067147 -4.080231 0.088980
25 -4.323435 0.105404 0.059522 -4.702564 0.071710 -3.940728 0.080422 -4.600544 0.068880 -4.077251 0.085826
26 -4.316694 0.104048 0.052562 -4.698464 0.070156 -3.931826 0.083694 -4.600367 0.066158 -4.066596 0.084632
27 -4.317333 0.103280 0.053509 -4.704228 0.068170 -3.927478 0.083639 -4.608070 0.064953 -4.058932 0.082851
28 -4.291234 0.098792 0.058276 -4.665280 0.069130 -3.917807 0.075248 -4.522873 0.096157 -4.048392 0.081954
29 -4.282899 0.099456 0.053495 -4.669401 0.072193 -3.892403 0.076980 -4.530227 0.094225 -4.032421 0.082821
30 -4.281982 0.098708 0.053935 -4.672609 0.070763 -3.887494 0.073816 -4.536746 0.092264 -4.024774 0.081411
31 -4.274228 0.095285 0.047029 -4.655412 0.066187 -3.891614 0.071853 -4.518804 0.088378 -4.024467 0.078782
32 -4.274675 0.092553 0.045186 -4.648102 0.072359 -3.899733 0.062345 -4.515510 0.085163 -4.028873 0.075846
33 -4.281400 0.092384 0.049082 -4.662745 0.065967 -3.899828 0.068861 -4.527260 0.085018 -4.025421 0.074019
34 -4.289638 0.091875 0.052227 -4.676457 0.067816 -3.903362 0.066142 -4.538509 0.084814 -4.025262 0.071829
35 -4.290142 0.091042 0.044100 -4.678937 0.072092 -3.901846 0.057650 -4.543883 0.083276 -4.020913 0.070392
36 -4.283963 0.091505 0.046476 -4.682939 0.062755 -3.881758 0.057773 -4.550107 0.082018 -4.008252 0.071040
37 -4.273229 0.092380 0.046804 -4.685111 0.066379 -3.838469 0.081464 -4.554970 0.080572 -3.992829 0.072605
38 -4.262979 0.090413 0.045925 -4.671192 0.054698 -3.834944 0.072728 -4.540218 0.077881 -3.986783 0.071647
39 -4.258762 0.089697 0.042564 -4.669263 0.061925 -3.829086 0.073193 -4.541585 0.076045 -3.979530 0.071016
40 -4.271683 0.087794 0.042022 -4.676154 0.054932 -3.845869 0.070230 -4.548957 0.075407 -3.999976 0.069839
41 -4.269498 0.085325 0.047367 -4.665163 0.055575 -3.853729 0.069159 -4.538574 0.073004 -4.004697 0.067740
42 -4.273253 0.083374 0.045212 -4.661923 0.059267 -3.863833 0.070837 -4.538345 0.071218 -4.012899 0.065711
43 -4.256708 0.081287 0.040723 -4.639435 0.061171 -3.856348 0.063760 -4.496646 0.076333 -4.005279 0.065441
44 -4.260861 0.078531 0.043185 -4.630897 0.068816 -3.872397 0.069721 -4.490206 0.074054 -4.025872 0.064998
45 -4.261233 0.078936 0.041764 -4.640424 0.064792 -3.864205 0.070528 -4.498413 0.073857 -4.018092 0.064846
46 -4.265963 0.077777 0.044479 -4.642107 0.060235 -3.871280 0.071522 -4.502417 0.072832 -4.022398 0.063110
47 -4.268182 0.077711 0.044983 -4.649567 0.065039 -3.869003 0.071523 -4.509571 0.072484 -4.017924 0.062380
48 -4.273301 0.077391 0.044286 -4.658210 0.056693 -3.871252 0.071671 -4.517142 0.072267 -4.017098 0.061157
49 -4.280132 0.076271 0.037142 -4.661768 0.056160 -3.880238 0.065242 -4.522162 0.071553 -4.024819 0.059621
50 -4.280046 0.076045 0.036613 -4.665089 0.051021 -3.877106 0.061871 -4.526964 0.070839 -4.020071 0.059076
51 -4.288189 0.075631 0.038063 -4.676621 0.057138 -3.882860 0.055307 -4.535253 0.070901 -4.023418 0.057678
52 -4.280466 0.075327 0.038057 -4.672174 0.060707 -3.871111 0.060279 -4.533391 0.069333 -4.015147 0.057950
53 -4.272789 0.074798 0.038550 -4.666182 0.051349 -3.862150 0.065133 -4.529470 0.067679 -4.007837 0.058016
54 -4.270368 0.072255 0.040965 -4.650630 0.056209 -3.873659 0.062037 -4.505110 0.068076 -4.021170 0.057212
55 -4.278220 0.071625 0.038527 -4.658588 0.057944 -3.881056 0.067971 -4.511912 0.067940 -4.027048 0.055918
56 -4.287678 0.070272 0.041318 -4.661524 0.052824 -3.895060 0.067889 -4.516256 0.067344 -4.047114 0.056641
57 -4.285998 0.070198 0.038887 -4.663645 0.052062 -3.889704 0.059175 -4.520034 0.066681 -4.041485 0.056451
58 -4.285031 0.069028 0.036758 -4.658234 0.050118 -3.893804 0.060884 -4.516647 0.065237 -4.043079 0.055344
59 -4.276577 0.067601 0.038981 -4.644216 0.054307 -3.893351 0.061776 -4.495235 0.065338 -4.040490 0.054696
60 -4.282124 0.067577 0.039192 -4.655361 0.057639 -3.894983 0.056584 -4.502697 0.065480 -4.039702 0.053853
61 -4.283483 0.067186 0.037949 -4.657444 0.049635 -3.895700 0.056371 -4.506368 0.064900 -4.038178 0.053121
62 -4.287185 0.066590 0.040703 -4.660037 0.050324 -3.900056 0.049106 -4.510297 0.064388 -4.040468 0.052107
63 -4.285724 0.066362 0.039948 -4.660614 0.051841 -3.896800 0.053683 -4.512840 0.063680 -4.036291 0.051803
64 -4.282539 0.065221 0.037083 -4.652770 0.054587 -3.899472 0.057542 -4.505327 0.062340 -4.036796 0.050947
65 -4.281419 0.063801 0.039852 -4.644432 0.047908 -3.906106 0.053375 -4.496783 0.061092 -4.042611 0.050006
66 -4.274219 0.063944 0.037909 -4.642503 0.050048 -3.888204 0.046605 -4.497086 0.060191 -4.034514 0.050577
67 -4.282522 0.063226 0.031573 -4.648407 0.050197 -3.897876 0.055400 -4.502417 0.060057 -4.046145 0.050194
68 -4.277523 0.063163 0.034298 -4.646722 0.050869 -3.888846 0.059163 -4.502868 0.059214 -4.039785 0.050388
69 -4.272424 0.062700 0.033579 -4.641830 0.049069 -3.884512 0.059149 -4.499560 0.058120 -4.035189 0.050249
70 -4.276319 0.062663 0.035332 -4.649847 0.047480 -3.885321 0.047619 -4.505489 0.058163 -4.033944 0.049645
71 -4.278985 0.061629 0.038224 -4.646968 0.047521 -3.892940 0.059196 -4.504599 0.057259 -4.041712 0.048920
72 -4.268317 0.060354 0.032105 -4.628733 0.054052 -3.890953 0.055062 -4.455933 0.069938 -4.038498 0.048603
73 -4.272993 0.060193 0.036826 -4.635880 0.051961 -3.893637 0.056631 -4.461579 0.069860 -4.039189 0.047882
74 -4.271148 0.059822 0.033027 -4.634145 0.053414 -3.892212 0.053686 -4.462177 0.068981 -4.036413 0.047532
75 -4.276462 0.059325 0.036575 -4.638066 0.045487 -3.898186 0.055296 -4.466504 0.068689 -4.041674 0.046777
76 -4.268944 0.058835 0.032997 -4.630468 0.048257 -3.891738 0.048578 -4.458900 0.067345 -4.036518 0.046845
77 -4.273893 0.058910 0.033839 -4.641690 0.046801 -3.892844 0.050998 -4.465314 0.067492 -4.035781 0.046296
78 -4.275656 0.058215 0.034616 -4.640093 0.046401 -3.897600 0.055681 -4.465951 0.066696 -4.039331 0.045565
79 -4.274767 0.057764 0.028780 -4.638203 0.051656 -3.898090 0.048833 -4.466259 0.065881 -4.038132 0.045091
80 -4.278588 0.057313 0.034809 -4.640603 0.050972 -3.902721 0.050741 -4.469673 0.065515 -4.041638 0.044400
81 -4.281414 0.057153 0.033612 -4.645009 0.048223 -3.904109 0.053042 -4.474013 0.065319 -4.041318 0.043873
82 -4.275954 0.056611 0.032494 -4.638349 0.048076 -3.901150 0.050458 -4.467676 0.064146 -4.037883 0.043721
83 -4.277285 0.056358 0.031643 -4.640055 0.046684 -3.902093 0.044089 -4.470612 0.063749 -4.037211 0.043245
84 -4.279667 0.056355 0.027874 -4.645733 0.048429 -3.901760 0.044509 -4.475328 0.063662 -4.035510 0.042883
85 -4.281508 0.056074 0.033225 -4.647594 0.049341 -3.903460 0.047584 -4.478307 0.063295 -4.035638 0.042367
86 -4.279540 0.055565 0.030679 -4.643937 0.046554 -3.903843 0.046791 -4.476398 0.062383 -4.034573 0.041960
87 -4.275096 0.055238 0.034021 -4.639704 0.045271 -3.899848 0.043805 -4.473661 0.061441 -4.030781 0.041912
88 -4.278244 0.055067 0.029625 -4.644069 0.041040 -3.901838 0.048772 -4.477758 0.061295 -4.031302 0.041400
89 -4.272353 0.055112 0.029698 -4.641783 0.044275 -3.888100 0.046840 -4.477327 0.060560 -4.025266 0.041792
90 -4.273558 0.054507 0.029774 -4.639760 0.042869 -3.892327 0.044319 -4.477129 0.059864 -4.028595 0.041228
91 -4.265540 0.054231 0.030286 -4.632792 0.041368 -3.881990 0.045284 -4.469284 0.058946 -4.023094 0.041520
92 -4.263837 0.053568 0.028560 -4.627689 0.044191 -3.884399 0.047248 -4.464955 0.058040 -4.024031 0.041013
93 -4.268293 0.053193 0.030830 -4.630843 0.035959 -3.889532 0.045483 -4.468393 0.057848 -4.028896 0.040530
94 -4.264533 0.053236 0.031985 -4.630244 0.046484 -3.881284 0.049431 -4.469427 0.057338 -4.023900 0.040744
95 -4.262328 0.053301 0.031021 -4.631292 0.046515 -3.875247 0.043504 -4.471652 0.056987 -4.019496 0.040852
96 -4.264800 0.052802 0.025450 -4.631048 0.042453 -3.879916 0.047044 -4.472922 0.056525 -4.023613 0.040355
97 -4.269419 0.052418 0.030305 -4.634136 0.043957 -3.885401 0.050225 -4.476225 0.056347 -4.029230 0.039955
98 -4.270082 0.052665 0.030903 -4.641014 0.039280 -3.880677 0.042264 -4.480819 0.056389 -4.025332 0.039996
99 -4.264536 0.052081 0.029577 -4.632906 0.044355 -3.879187 0.040694 -4.469262 0.055929 -4.022995 0.039815
100 -4.264817 0.051824 0.032035 -4.632872 0.046455 -3.879902 0.048197 -4.470668 0.055515 -4.022313 0.039466
101 -4.269251 0.051427 0.025768 -4.635370 0.041135 -3.885501 0.039748 -4.473633 0.055317 -4.028382 0.039146
102 -4.268099 0.051182 0.030256 -4.634116 0.043745 -3.884828 0.038811 -4.473957 0.054803 -4.026633 0.038913
103 -4.269522 0.050979 0.028059 -4.635649 0.040853 -3.886117 0.043618 -4.476354 0.054540 -4.026546 0.038539
104 -4.270671 0.050537 0.030308 -4.634417 0.038522 -3.889472 0.046286 -4.476646 0.054040 -4.028942 0.038089
105 -4.269661 0.050641 0.031839 -4.636941 0.035651 -3.884638 0.041276 -4.479538 0.053861 -4.025170 0.038152
106 -4.268117 0.050210 0.028038 -4.633466 0.033959 -3.885644 0.042606 -4.477154 0.053191 -4.024859 0.037811
107 -4.271774 0.049828 0.029420 -4.635081 0.038524 -3.890652 0.044465 -4.479523 0.052954 -4.030102 0.037493
108 -4.275744 0.049512 0.026700 -4.637795 0.038075 -3.895324 0.047049 -4.482449 0.052801 -4.034748 0.037146
109 -4.277767 0.049269 0.034538 -4.639275 0.037977 -3.897695 0.045349 -4.484707 0.052562 -4.035956 0.036749
110 -4.278568 0.049211 0.028738 -4.641662 0.039227 -3.897112 0.044357 -4.487441 0.052393 -4.034393 0.036542
111 -4.282665 0.049152 0.028947 -4.648572 0.039356 -3.899490 0.038424 -4.491682 0.052462 -4.035663 0.036157
112 -4.278915 0.048833 0.028716 -4.644111 0.041254 -3.897343 0.046114 -4.487562 0.051797 -4.033165 0.036070
113 -4.278800 0.048581 0.026404 -4.643368 0.042467 -3.898027 0.040014 -4.488167 0.051392 -4.032671 0.035782
114 -4.275135 0.048611 0.028455 -4.642365 0.041135 -3.890019 0.033702 -4.488513 0.050970 -4.028328 0.035991
115 -4.275313 0.048167 0.026129 -4.639884 0.037336 -3.892957 0.035529 -4.487235 0.050433 -4.030385 0.035613
116 -4.273757 0.048180 0.026363 -4.640597 0.040038 -3.888921 0.043238 -4.488914 0.050165 -4.027098 0.035653
117 -4.273791 0.048191 0.026601 -4.642912 0.039580 -3.886835 0.045979 -4.491507 0.050019 -4.024681 0.035573
118 -4.272066 0.048210 0.030407 -4.643507 0.040350 -3.882474 0.042203 -4.493077 0.049749 -4.021311 0.035631
119 -4.273601 0.047639 0.027446 -4.640798 0.037417 -3.887948 0.041997 -4.491404 0.049219 -4.028098 0.035576
120 -4.275763 0.047668 0.026670 -4.646120 0.041199 -3.887833 0.037838 -4.495059 0.049244 -4.026966 0.035363
121 -4.276772 0.047186 0.025893 -4.643770 0.037102 -3.892026 0.036050 -4.493826 0.048750 -4.031162 0.035074
122 -4.278073 0.046987 0.028462 -4.644691 0.033208 -3.893623 0.038462 -4.495567 0.048522 -4.031641 0.034761
123 -4.278279 0.046953 0.022038 -4.646490 0.040264 -3.892397 0.041524 -4.497815 0.048360 -4.029776 0.034635
124 -4.280752 0.046996 0.026026 -4.652617 0.036633 -3.892462 0.034723 -4.501587 0.048421 -4.028838 0.034422
125 -4.281685 0.046711 0.022259 -4.652145 0.036533 -3.894687 0.037510 -4.502269 0.048092 -4.030117 0.034096
126 -4.282040 0.046565 0.025115 -4.652685 0.032343 -3.894941 0.039577 -4.503720 0.047847 -4.029363 0.033876
127 -4.276603 0.046195 0.022863 -4.645652 0.033551 -3.892049 0.037487 -4.492169 0.047943 -4.026686 0.033866
128 -4.276995 0.046016 0.026361 -4.645787 0.039010 -3.892750 0.037991 -4.493330 0.047673 -4.026348 0.033621
129 -4.278860 0.045751 0.026749 -4.646290 0.038104 -3.895644 0.036424 -4.494743 0.047436 -4.028632 0.033310
130 -4.274971 0.045456 0.024723 -4.641454 0.038182 -3.893586 0.036558 -4.489146 0.046961 -4.026384 0.033254
131 -4.274852 0.045207 0.025976 -4.640285 0.035797 -3.894660 0.037561 -4.489140 0.046601 -4.026445 0.032995
132 -4.277411 0.045141 0.025005 -4.644259 0.034995 -3.896116 0.039137 -4.492210 0.046587 -4.026927 0.032722
133 -4.278524 0.045179 0.028370 -4.648065 0.033497 -3.895017 0.037037 -4.495214 0.046567 -4.025258 0.032608
134 -4.278155 0.045197 0.024490 -4.649781 0.033771 -3.892579 0.038873 -4.497326 0.046430 -4.022872 0.032582
135 -4.277527 0.045217 0.022519 -4.651241 0.035561 -3.889805 0.038379 -4.499288 0.046279 -4.020344 0.032576
136 -4.279925 0.044911 0.025671 -4.651590 0.033328 -3.893714 0.035284 -4.500536 0.046050 -4.024537 0.032379
137 -4.278477 0.044654 0.022198 -4.649091 0.034211 -3.893798 0.038988 -4.498891 0.045617 -4.023747 0.032195
138 -4.275959 0.044658 0.022892 -4.648515 0.033649 -3.888582 0.035119 -4.499375 0.045324 -4.020457 0.032306
139 -4.278607 0.044491 0.024194 -4.650906 0.036625 -3.891264 0.033843 -4.501756 0.045240 -4.022589 0.032029
140 -4.277857 0.044056 0.024088 -4.646996 0.031403 -3.894010 0.035354 -4.497724 0.044793 -4.024837 0.031759
141 -4.280490 0.043814 0.027363 -4.648245 0.035713 -3.897548 0.036477 -4.499505 0.044643 -4.028436 0.031548
142 -4.276647 0.043347 0.023401 -4.640892 0.032592 -3.898040 0.034632 -4.485029 0.045567 -4.028027 0.031349
143 -4.275144 0.043093 0.023113 -4.638238 0.033566 -3.898190 0.034671 -4.483134 0.045143 -4.027334 0.031173
144 -4.278200 0.042913 0.025536 -4.640733 0.031981 -3.901476 0.034757 -4.485532 0.045073 -4.030557 0.030957
145 -4.277805 0.042861 0.026152 -4.641331 0.032629 -3.900183 0.036640 -4.486905 0.044886 -4.028861 0.030877
146 -4.279118 0.042835 0.026237 -4.644147 0.035269 -3.900234 0.036024 -4.489412 0.044836 -4.028109 0.030712
147 -4.282159 0.042677 0.022697 -4.646940 0.028387 -3.903293 0.033192 -4.491902 0.044785 -4.031003 0.030492
148 -4.283910 0.042564 0.023074 -4.648889 0.035384 -3.904776 0.035303 -4.494019 0.044690 -4.031673 0.030259
149 -4.285078 0.042443 0.026769 -4.650090 0.029763 -3.905853 0.037417 -4.495737 0.044551 -4.031906 0.030044
