# 1num 2slvfe 3error 4boot 5lower 6boot 7upper 8boot 9explow 10errlow 11expupp 12 errupp
1 -8.048325 0.667062 0.000000 -8.532300 0.000000 -7.564350 0.000000 -8.532300 nan -7.564350 nan
2 -8.127484 0.555987 0.083290 -8.746205 0.150350 -7.526110 0.025447 -8.708626 0.205175 -7.527336 0.038188
3 -8.290685 0.472410 0.122895 -8.977637 0.198381 -7.647203 0.098655 -8.868850 0.240436 -7.673803 0.131002
4 -8.169024 0.391131 0.109579 -8.831647 0.220323 -7.553595 0.110594 -8.710266 0.190704 -7.595954 0.134378
5 -8.050751 0.296767 0.134422 -8.623120 0.248099 -7.558136 0.097529 -8.380785 0.267014 -7.592075 0.104840
6 -8.076119 0.268392 0.123064 -8.624315 0.199791 -7.589843 0.079975 -8.415771 0.233984 -7.621140 0.086323
7 -8.142522 0.268640 0.126398 -8.800663 0.248923 -7.603614 0.068182 -8.498903 0.244219 -7.630886 0.072421
8 -8.139121 0.225680 0.113688 -8.716927 0.220566 -7.667120 0.092454 -8.438418 0.199563 -7.716790 0.096690
9 -8.138963 0.232547 0.117220 -8.779267 0.184566 -7.592499 0.118093 -8.490684 0.199739 -7.668393 0.105332
10 -8.135506 0.236145 0.112646 -8.823163 0.197125 -7.528261 0.113455 -8.534261 0.197446 -7.625113 0.110806
11 -8.124041 0.222909 0.093380 -8.795635 0.172698 -7.528717 0.102390 -8.532983 0.178218 -7.617325 0.101848
12 -8.122709 0.204409 0.093046 -8.756960 0.181635 -7.558972 0.096511 -8.513338 0.158599 -7.645685 0.092880
13 -8.119647 0.205269 0.093612 -8.782698 0.160055 -7.519124 0.108824 -8.542514 0.156097 -7.615715 0.094955
14 -8.130123 0.200916 0.086574 -8.798273 0.160017 -7.520818 0.094181 -8.565802 0.152140 -7.610795 0.088777
15 -8.177457 0.187306 0.077396 -8.808743 0.128122 -7.583629 0.103510 -8.585180 0.147634 -7.725305 0.124523
16 -8.179236 0.188412 0.087648 -8.840461 0.137707 -7.554939 0.088669 -8.612107 0.147082 -7.701166 0.123770
17 -8.177896 0.168947 0.088420 -8.785640 0.126750 -7.605542 0.104762 -8.537849 0.140547 -7.777200 0.124778
18 -8.199917 0.166623 0.086691 -8.818834 0.144298 -7.617992 0.106653 -8.563490 0.140792 -7.780237 0.117083
19 -8.200557 0.162311 0.080663 -8.814949 0.139296 -7.621081 0.100489 -8.571784 0.135300 -7.775213 0.111800
20 -8.211441 0.148410 0.075951 -8.780262 0.101563 -7.670944 0.104985 -8.539038 0.125605 -7.861467 0.121950
21 -8.218285 0.144328 0.087210 -8.779722 0.121624 -7.681801 0.096601 -8.548191 0.121673 -7.863306 0.115654
22 -8.183993 0.140846 0.068699 -8.748812 0.122773 -7.639961 0.111545 -8.518541 0.114109 -7.840026 0.117095
23 -8.172054 0.127412 0.084125 -8.687027 0.142052 -7.678135 0.097458 -8.372787 0.154952 -7.892541 0.114121
24 -8.165227 0.123416 0.081648 -8.672015 0.116095 -7.681360 0.091746 -8.370797 0.147874 -7.887419 0.110325
25 -8.121064 0.117324 0.090050 -8.613656 0.114288 -7.657942 0.095367 -8.243074 0.162247 -7.869631 0.110510
26 -8.111177 0.116324 0.078576 -8.608780 0.114091 -7.642577 0.096562 -8.250821 0.158113 -7.854743 0.109899
27 -8.129502 0.114314 0.079043 -8.624271 0.122320 -7.658799 0.105117 -8.267116 0.157231 -7.864827 0.104456
28 -8.126289 0.111843 0.084310 -8.616633 0.112660 -7.660291 0.098494 -8.271683 0.152745 -7.859677 0.101661
29 -8.139108 0.106642 0.076893 -8.607132 0.113655 -7.688877 0.084304 -8.273947 0.147962 -7.897030 0.098994
30 -8.157527 0.104732 0.076073 -8.621925 0.111059 -7.706316 0.106363 -8.288600 0.147251 -7.910707 0.094442
31 -8.174906 0.103820 0.080998 -8.644399 0.120662 -7.718389 0.096732 -8.304627 0.147202 -7.917014 0.090600
32 -8.165991 0.101795 0.071435 -8.633053 0.106025 -7.714397 0.082847 -8.303886 0.142352 -7.909108 0.089250
33 -8.139510 0.097470 0.066395 -8.592919 0.108864 -7.708257 0.078449 -8.230716 0.140121 -7.900253 0.088250
34 -8.132497 0.097526 0.068181 -8.593807 0.106987 -7.691301 0.084453 -8.239232 0.138160 -7.887413 0.088437
35 -8.142110 0.093818 0.072314 -8.586109 0.097903 -7.713418 0.085848 -8.241503 0.134686 -7.914657 0.086251
36 -8.166858 0.092541 0.060274 -8.615950 0.080630 -7.734903 0.082729 -8.256723 0.135158 -7.940761 0.084197
37 -8.157237 0.092531 0.066264 -8.613625 0.101236 -7.715372 0.089336 -8.262676 0.132908 -7.927905 0.084678
38 -8.132535 0.090367 0.073241 -8.586893 0.093175 -7.696429 0.077710 -8.231347 0.126478 -7.915370 0.085119
39 -8.129466 0.087769 0.061740 -8.574156 0.109213 -7.704012 0.083391 -8.227276 0.122421 -7.917467 0.082643
40 -8.131816 0.082220 0.069894 -8.546461 0.091787 -7.736490 0.086317 -8.189963 0.117773 -7.990046 0.098771
41 -8.147621 0.079408 0.072930 -8.545882 0.099791 -7.762487 0.078171 -8.196216 0.116246 -8.030875 0.098231
42 -8.146162 0.081041 0.064560 -8.565305 0.114836 -7.736373 0.090745 -8.208526 0.116478 -8.017980 0.098823
43 -8.138488 0.081443 0.072565 -8.566205 0.104308 -7.716921 0.097990 -8.215287 0.115235 -8.006123 0.099161
44 -8.142654 0.081223 0.066049 -8.573582 0.093503 -7.717256 0.088183 -8.224545 0.114727 -8.001103 0.097831
45 -8.146330 0.081426 0.069372 -8.584455 0.089201 -7.714176 0.083496 -8.234631 0.114515 -7.994340 0.096962
46 -8.152699 0.081733 0.074241 -8.600727 0.096766 -7.712790 0.088613 -8.245638 0.114624 -7.988631 0.095915
47 -8.151452 0.081759 0.064595 -8.604661 0.098673 -7.706123 0.075860 -8.253244 0.113857 -7.980614 0.095464
48 -8.163993 0.080537 0.069776 -8.611817 0.091406 -7.719650 0.078933 -8.261854 0.113413 -7.991387 0.092400
49 -8.176260 0.079606 0.070252 -8.621413 0.089577 -7.731309 0.079792 -8.271017 0.113172 -7.999276 0.089648
50 -8.180560 0.079796 0.064195 -8.633254 0.076756 -7.729164 0.076737 -8.280562 0.113085 -7.993681 0.088843
51 -8.173215 0.078706 0.057390 -8.624245 0.084287 -7.726261 0.066649 -8.278274 0.110445 -7.987813 0.088142
52 -8.176420 0.078528 0.069056 -8.630612 0.084935 -7.726043 0.080315 -8.286107 0.110015 -7.983587 0.087149
53 -8.174861 0.076847 0.063982 -8.621722 0.080038 -7.732507 0.079167 -8.283451 0.107473 -7.985310 0.085259
54 -8.173957 0.077746 0.063286 -8.635468 0.089911 -7.715053 0.082891 -8.292761 0.107534 -7.975679 0.085581
55 -8.173111 0.076573 0.057465 -8.630203 0.092405 -7.718961 0.060895 -8.293686 0.105728 -7.974879 0.084127
56 -8.182762 0.076242 0.056866 -8.643094 0.074003 -7.725419 0.079448 -8.302594 0.105768 -7.976941 0.082351
57 -8.189826 0.076043 0.056387 -8.653771 0.074451 -7.729008 0.073203 -8.310983 0.105706 -7.976149 0.081005
58 -8.185952 0.076278 0.054535 -8.656415 0.081693 -7.716609 0.074899 -8.316818 0.105053 -7.967845 0.081145
59 -8.186760 0.077049 0.057607 -8.672662 0.085154 -7.703740 0.064708 -8.325846 0.105226 -7.959538 0.081308
60 -8.186762 0.077185 0.055739 -8.678369 0.070194 -7.697991 0.071376 -8.332694 0.104879 -7.953196 0.081048
61 -8.177368 0.076617 0.061923 -8.670489 0.082532 -7.688317 0.066536 -8.330216 0.102748 -7.945744 0.081058
62 -8.180433 0.075382 0.061301 -8.666988 0.069541 -7.696378 0.072559 -8.332014 0.101398 -7.950548 0.079245
63 -8.171799 0.075126 0.057309 -8.661663 0.085377 -7.683167 0.069759 -8.332006 0.099774 -7.942562 0.079436
64 -8.171474 0.075887 0.050243 -8.676410 0.071759 -7.666709 0.074145 -8.340278 0.099923 -7.934219 0.079731
65 -8.172600 0.075357 0.057580 -8.676582 0.075492 -7.668444 0.073464 -8.344342 0.099130 -7.932118 0.078800
66 -8.176112 0.074862 0.055570 -8.679213 0.072195 -7.671900 0.078496 -8.349531 0.098608 -7.931595 0.077667
67 -8.176903 0.074290 0.049815 -8.678625 0.072965 -7.673826 0.066259 -8.352971 0.097748 -7.929841 0.076744
68 -8.185826 0.073870 0.049045 -8.688915 0.076209 -7.681003 0.068396 -8.360212 0.097749 -7.933998 0.075196
69 -8.183470 0.074231 0.052493 -8.694266 0.069946 -7.668090 0.070244 -8.366202 0.097480 -7.926580 0.075396
70 -8.193116 0.073109 0.057120 -8.696459 0.068367 -7.681255 0.080214 -8.370940 0.096961 -7.943715 0.074155
71 -8.190873 0.072978 0.048360 -8.696840 0.069840 -7.676444 0.071315 -8.374701 0.096264 -7.938343 0.073962
72 -8.186201 0.073167 0.045040 -8.697940 0.064366 -7.661610 0.060811 -8.378772 0.095656 -7.930906 0.074221
73 -8.187697 0.073263 0.053942 -8.704838 0.065565 -7.658509 0.070393 -8.384915 0.095513 -7.926278 0.073914
74 -8.198511 0.072834 0.043971 -8.719431 0.069271 -7.667411 0.064852 -8.392247 0.095664 -7.933696 0.072383
75 -8.199673 0.073014 0.056093 -8.727069 0.073282 -7.663009 0.060534 -8.398471 0.095576 -7.928649 0.072197
76 -8.200209 0.073047 0.050987 -8.731834 0.067503 -7.659604 0.062168 -8.403878 0.095324 -7.924042 0.071942
77 -8.192232 0.071674 0.047340 -8.717447 0.056376 -7.661812 0.066407 -8.383341 0.093107 -7.922907 0.071146
78 -8.191616 0.071471 0.047324 -8.718291 0.070884 -7.659858 0.068509 -8.387088 0.092561 -7.919071 0.070786
79 -8.190335 0.071260 0.049142 -8.718417 0.053283 -7.657348 0.073080 -8.390385 0.091948 -7.915014 0.070479
80 -8.196362 0.070164 0.046141 -8.716659 0.060427 -7.668255 0.062993 -8.392398 0.091121 -7.928316 0.069317
81 -8.184854 0.069714 0.054599 -8.706977 0.065322 -7.651216 0.069877 -8.383898 0.089116 -7.921385 0.069606
82 -8.181951 0.069728 0.049453 -8.707674 0.068897 -7.643861 0.066501 -8.387336 0.088598 -7.915769 0.069632
83 -8.180043 0.068952 0.042877 -8.702307 0.060110 -7.646503 0.063515 -8.385661 0.087295 -7.915161 0.068860
84 -8.180725 0.068282 0.049944 -8.699657 0.066782 -7.650333 0.066449 -8.386698 0.086406 -7.915822 0.067964
85 -8.182597 0.068472 0.043671 -8.708626 0.060956 -7.646932 0.057091 -8.392586 0.086433 -7.911560 0.067776
86 -8.189062 0.068183 0.047815 -8.716330 0.053223 -7.652057 0.063666 -8.398201 0.086415 -7.913939 0.066759
87 -8.191359 0.068270 0.047801 -8.724049 0.067716 -7.650335 0.058137 -8.403777 0.086401 -7.910511 0.066457
88 -8.192625 0.067479 0.045991 -8.720594 0.059025 -7.655767 0.052788 -8.403959 0.085439 -7.913493 0.065437
89 -8.196796 0.066805 0.043330 -8.720439 0.057062 -7.662474 0.057098 -8.406632 0.084896 -7.918604 0.064347
90 -8.196802 0.067067 0.049092 -8.727616 0.060375 -7.655436 0.066912 -8.411956 0.084869 -7.913448 0.064389
91 -8.205182 0.066352 0.052545 -8.731011 0.060353 -7.665833 0.062835 -8.416225 0.084643 -7.927509 0.063727
92 -8.194843 0.065640 0.040258 -8.719136 0.060639 -7.659898 0.058164 -8.399066 0.083082 -7.922681 0.063728
93 -8.194244 0.064914 0.042055 -8.714531 0.059659 -7.663728 0.055436 -8.397792 0.082019 -7.923767 0.062933
94 -8.196484 0.064649 0.048697 -8.716610 0.057059 -7.665747 0.057225 -8.401459 0.081725 -7.923062 0.062338
95 -8.202795 0.064261 0.046420 -8.721739 0.064582 -7.671950 0.057436 -8.406120 0.081629 -7.927720 0.061374
96 -8.197866 0.063694 0.044447 -8.715185 0.063335 -7.670805 0.056378 -8.401837 0.080309 -7.924866 0.061090
97 -8.195215 0.063127 0.038253 -8.710219 0.052926 -7.671777 0.061837 -8.399836 0.079236 -7.923419 0.060621
98 -8.197138 0.062931 0.045120 -8.712623 0.058735 -7.673022 0.058125 -8.403495 0.078992 -7.922229 0.060131
99 -8.205580 0.062385 0.038701 -8.717851 0.056592 -7.682498 0.056665 -8.408030 0.078918 -7.935191 0.059635
100 -8.202970 0.062463 0.041586 -8.718935 0.052504 -7.674625 0.053848 -8.411043 0.078579 -7.930251 0.059733
101 -8.209614 0.062018 0.046431 -8.723263 0.060204 -7.681815 0.054616 -8.415269 0.078465 -7.937304 0.058862
102 -8.216131 0.061376 0.042511 -8.724742 0.052549 -7.690809 0.054093 -8.418415 0.078167 -7.949082 0.058320
103 -8.218023 0.061278 0.043506 -8.728280 0.057430 -7.691229 0.060084 -8.422337 0.078014 -7.947327 0.057948
104 -8.216831 0.061303 0.043106 -8.730072 0.054758 -7.686815 0.058890 -8.425568 0.077748 -7.943308 0.057917
105 -8.215183 0.061023 0.045256 -8.728189 0.054831 -7.686035 0.051189 -8.426499 0.077130 -7.940844 0.057653
106 -8.217942 0.060772 0.038720 -8.730535 0.054193 -7.688720 0.054013 -8.429899 0.076911 -7.941133 0.057080
107 -8.215420 0.060216 0.039878 -8.725399 0.052153 -7.690171 0.050494 -8.427018 0.075876 -7.940294 0.056630
108 -8.219119 0.060237 0.044478 -8.734344 0.050553 -7.690998 0.055431 -8.431896 0.075946 -7.938988 0.056241
109 -8.221693 0.060147 0.038325 -8.738739 0.051223 -7.692029 0.052547 -8.435905 0.075860 -7.937873 0.055838
110 -8.222095 0.059938 0.042486 -8.739144 0.050536 -7.692454 0.052066 -8.438303 0.075509 -7.936333 0.055493
111 -8.227573 0.059025 0.038079 -8.736462 0.047794 -7.704219 0.054828 -8.438331 0.074829 -7.962283 0.058452
112 -8.227058 0.059059 0.042425 -8.738907 0.052220 -7.700687 0.050557 -8.441624 0.074642 -7.958727 0.058383
113 -8.229617 0.058803 0.042985 -8.740716 0.045258 -7.703435 0.059381 -8.444633 0.074414 -7.959213 0.057819
114 -8.234764 0.058343 0.037193 -8.742515 0.051322 -7.710077 0.056716 -8.447614 0.074188 -7.966070 0.057063
115 -8.239310 0.058107 0.040100 -8.746943 0.055522 -7.714193 0.048517 -8.451465 0.074117 -7.968346 0.056395
116 -8.230761 0.057725 0.042666 -8.738458 0.049657 -7.705813 0.049068 -8.440391 0.072953 -7.963847 0.056511
117 -8.232668 0.057813 0.040336 -8.745337 0.046249 -7.704359 0.050584 -8.444700 0.072980 -7.961230 0.056333
118 -8.232092 0.057797 0.038918 -8.746934 0.052760 -7.701633 0.049832 -8.447535 0.072759 -7.958084 0.056238
119 -8.226833 0.057424 0.034705 -8.741074 0.055091 -7.698793 0.056258 -8.442797 0.071730 -7.954914 0.056151
120 -8.226598 0.057208 0.039443 -8.740549 0.049020 -7.699026 0.049778 -8.444419 0.071342 -7.953333 0.055851
121 -8.226307 0.056745 0.037326 -8.737425 0.049300 -7.701824 0.052141 -8.443695 0.070667 -7.954080 0.055323
122 -8.221698 0.055874 0.037088 -8.726105 0.048793 -7.705380 0.050843 -8.418833 0.071497 -7.955816 0.054736
123 -8.223349 0.055296 0.038810 -8.723189 0.052114 -7.710859 0.054016 -8.418396 0.070863 -7.960811 0.054065
124 -8.212939 0.054776 0.041680 -8.709854 0.049006 -7.702777 0.053422 -8.378392 0.076270 -7.956577 0.054177
125 -8.211086 0.054708 0.038715 -8.709447 0.049409 -7.699548 0.049931 -8.380185 0.075907 -7.953382 0.054125
126 -8.212201 0.054607 0.042557 -8.711379 0.049980 -7.699840 0.046052 -8.383113 0.075730 -7.951937 0.053844
127 -8.210946 0.054333 0.034799 -8.709216 0.051245 -7.700072 0.038905 -8.383517 0.075183 -7.950472 0.053570
128 -8.209558 0.053951 0.035542 -8.705836 0.060560 -7.701420 0.049958 -8.382602 0.074485 -7.949902 0.053203
129 -8.212460 0.053736 0.038071 -8.707956 0.045579 -7.704415 0.051367 -8.385532 0.074327 -7.951103 0.052697
130 -8.211721 0.053918 0.034529 -8.712285 0.051955 -7.697436 0.050008 -8.389090 0.074281 -7.947166 0.052784
131 -8.210880 0.053587 0.039072 -8.709762 0.054239 -7.698756 0.048572 -8.389033 0.073704 -7.946615 0.052431
132 -8.203146 0.053106 0.035310 -8.699835 0.060046 -7.695184 0.046171 -8.370102 0.073267 -7.943442 0.052407
133 -8.200021 0.053122 0.037477 -8.699223 0.046058 -7.687714 0.048661 -8.371630 0.072917 -7.939505 0.052505
134 -8.196951 0.052895 0.039293 -8.696033 0.046138 -7.685758 0.047423 -8.370820 0.072277 -7.936929 0.052401
135 -8.199310 0.052977 0.038207 -8.703831 0.052010 -7.685072 0.045692 -8.374811 0.072332 -7.934990 0.052217
136 -8.202839 0.052355 0.033532 -8.701375 0.048443 -7.693146 0.052496 -8.374774 0.071794 -7.948637 0.052424
137 -8.196478 0.051906 0.036079 -8.693006 0.047348 -7.691020 0.045814 -8.362044 0.070890 -7.946019 0.052335
138 -8.196737 0.051279 0.040940 -8.687979 0.050793 -7.696510 0.049168 -8.358437 0.070042 -7.951709 0.051771
139 -8.189547 0.050942 0.040178 -8.680188 0.051185 -7.691089 0.047637 -8.347646 0.069122 -7.948200 0.051821
140 -8.189654 0.050673 0.041801 -8.678756 0.049667 -7.692744 0.049236 -8.348493 0.068729 -7.948022 0.051465
141 -8.193354 0.050542 0.033621 -8.682904 0.055695 -7.695698 0.043803 -8.351819 0.068702 -7.949334 0.051003
142 -8.196637 0.050246 0.033789 -8.683779 0.049375 -7.700109 0.048232 -8.354066 0.068511 -7.952969 0.050465
143 -8.197258 0.050122 0.036094 -8.684474 0.055128 -7.700580 0.050087 -8.356209 0.068309 -7.951853 0.050217
144 -8.202362 0.049798 0.037661 -8.686754 0.048451 -7.706804 0.044660 -8.358979 0.068206 -7.959873 0.049842
145 -8.203820 0.049837 0.033984 -8.691210 0.049687 -7.705970 0.054651 -8.362297 0.068193 -7.957954 0.049693
146 -8.203989 0.049802 0.036813 -8.692692 0.051235 -7.704902 0.042431 -8.364749 0.068048 -7.955927 0.049562
147 -8.207192 0.049596 0.032209 -8.694722 0.047064 -7.708368 0.047855 -8.367393 0.067935 -7.958124 0.049091
148 -8.205955 0.049712 0.036942 -8.697065 0.046851 -7.702114 0.049871 -8.370126 0.067840 -7.954647 0.049167
149 -8.211812 0.049370 0.037171 -8.699825 0.049074 -7.709338 0.044405 -8.372974 0.067766 -7.966462 0.049287
