0 158.001000
1 160.004000
2 175.819000
3 162.769000
6 169.790000
7 164.619000
10 179.182000
12 156.363000
13 166.409000
18 178.976000
23 159.875000
25 176.707000
27 176.542000
28 162.599000
29 165.345000
31 155.723000
33 168.364000
34 160.005000
35 172.801000
38 179.544000
41 178.523000
42 176.061000
44 173.036000
46 169.879000
47 167.594000
48 178.210000
50 140.052000
51 162.100000
52 164.929000
54 160.845000
56 154.653000
57 159.705000
60 161.057000
61 167.348000
62 149.185000
63 168.018000
64 172.653000
68 174.382000
69 156.772000
70 164.719000
75 173.754000
77 160.107000
78 172.570000
79 169.656000
80 175.824000
82 156.049000
83 173.081000
86 165.150000
89 173.409000
90 170.195000
91 178.005000
92 155.329000
94 156.787000
97 167.595000
98 155.037000
99 177.283000
100 151.025000
104 165.009000
105 175.470000
107 178.816000
110 162.170000
115 165.929000
117 177.835000
119 172.340000
120 179.555000
124 159.659000
126 165.919000
129 167.346000
131 176.568000
132 170.391000
133 172.464000
134 170.218000
135 175.721000
137 150.925000
140 177.726000
142 157.435000
143 163.608000
144 165.285000
148 166.463000
149 179.564000
150 175.117000
152 168.795000
153 171.219000
156 174.074000
157 171.600000
160 161.640000
163 160.164000
166 162.582000
168 169.161000
170 174.208000
173 171.491000
175 175.269000
177 165.587000
178 171.983000
179 152.438000
182 163.119000
184 175.877000
187 176.626000
188 156.553000
190 163.636000
192 161.756000
195 178.953000
196 178.139000
198 165.818000
199 178.364000
200 155.448000
201 175.153000
205 168.704000
206 166.780000
208 174.213000
209 167.109000
211 160.978000
212 172.605000
213 173.476000
216 175.377000
217 177.055000
218 162.861000
222 157.958000
223 163.909000
224 164.158000
225 178.720000
226 179.393000
227 169.009000
228 174.867000
229 167.344000
230 174.417000
232 168.755000
233 179.706000
235 149.886000
238 175.879000
239 144.039000
241 170.978000
244 153.037000
245 177.193000
246 173.569000
250 174.815000
251 154.525000
254 174.160000
256 166.104000
257 153.658000
258 168.517000
261 169.419000
263 170.776000
264 163.067000
266 152.041000
268 172.573000
270 177.515000
271 162.834000
272 154.736000
274 168.165000
275 171.924000
279 156.671000
281 161.886000
284 161.551000
285 157.574000
286 169.877000
287 172.505000
289 157.962000
291 161.245000
292 161.669000
294 165.759000
295 174.894000
296 149.965000
297 164.125000
300 160.025000
301 166.924000
303 160.900000
304 166.716000
305 134.531000
307 173.019000
309 173.504000
310 151.099000
311 158.706000
313 169.213000
314 165.201000
315 159.220000
316 168.122000
317 163.187000
320 172.174000
322 179.453000
326 169.063000
327 165.309000
329 174.065000
332 173.928000
336 163.779000
338 165.049000
339 157.688000
340 169.826000
342 165.615000
343 174.825000
345 171.231000
346 169.457000
347 178.839000
348 159.353000
349 162.768000
357 174.258000
358 155.442000
361 178.614000
56248 41.461000
66706 42.782000
